1 0.188859047383963 0.0659620680750595 0 0 0.300275488534124 0.282301941821281 0 0 0.326034694363955 0.371627329698603 0 0 0 0.205162323992709 0.370090954569098 0 0 0 0.470524432092206 0.034129921562272 0.275059364827945 0.0426821844453086 0 0.07596535084757 0.33996248598862 0.0390502269851995 0 0 0 0.187850244630885 0.290682271377348 0.180356357186078 0.135797637670095 0.0163986028619743 0 0 0 0.0269024523831057 0.191492967918977 0.00280071458737493 0 0 0 0 0 0 0.10587333762823 0 0.427397249992927 0.048639361690933 0.116275790751212 0.253425993282302 0 0.201054889819883 0.208609743439771 0.346904627847175 0 0.0416497658690586 0.1014126789753 0 0.310471538262492 0.10436315421552 0 0 0.0508151229595168 0 0 0 0 0 0.184572764004977 0 0 0 0 0.104413068950153 0 0 0.169264194349241 0 0 0 0 0 0 0 0 0 0 0 0 0 0 0 0 0 0 0 0 0 0 0 0.0102152728243789 0 0 0 0 0 0.182904698340908 0.275913150958119 0.0384952133473554 0.104686796417035 0 0 0.0337410794705204 0 0.0034572665679967 0 0 0 0 0.0658286796744308 0.73381858615426 0 0 0.304203042785094 0.22945998636486 0.223922102964145 0.143998512937391 0.262795986875139 0.135174551004053 0.0851206135799541 0.181811301973139 0.371586623139277 0.0158684746517211 0 0.0933503363259967 0 0.000663188190024597 0 0.0815251087517184 0.329552442653611 0 0.0500154294296607 0.106527370870835 0 0 0.197591538377766 0.170283098892714 0 0 0.0291414593408224 0.0214907275991062 0.0389254152530883 0.00384344302601148 0 0 0 0 0.170003975612002 0 0 0 0 0 0 0 0 0 0 0 0 0 0 0 0 0 0 0 0 0.178124329696841 0 0 0 0 0.033093987637337 0 0.00701294727405114 0 0 0 0 0.0224586013964911 0 0 0 0 0 0 0 0 0.0434008252871885 0.141678675229329 0 0 0 0 0 0 0 0 0 0 0.225398615241825 0.245334767808116 0.184026937504627 0 0.239189935237017 0 0 0.296557386099881 0 0 0.307191772775466 0 0 0 0.0998641106831769 0 0.359058494048395 0 0 0 0.0474913606169187 0 0 0 0.0768857331612415 0 0.0445033257029738 0 0 0.115102739653002 0 0 0.0228930882423658 0 0 0 0 0 0 0.0388590067193564 0.148134185303089 0 0 0 0.0510673971942873 0.0355048390608001 0.18721334766252 0 0.0364182611929656 0.0556208177796961 0 0.000465580248425719 0 0.0742473039369863 0 0 0.108000150656192 0.200496106726697
0.188859047383963 1 0.251813234243344 0.221417546704126 0.271691197502183 0.172085748860487 0 0 0 0 0.0232548369552914 0.150295651529737 0.117436532381162 0.0409442601119662 0.00453971862515259 0.30929719136399 0.0777514310670162 0.177422976175417 0.16236959037245 0 0.0502662799721055 0.35239167838425 0.105614487105557 0.00251091754360297 0.0605034487372715 0.0345339961465295 0.192734639290066 0.216665218992901 0.24668796330388 0 0.159970579941451 0.15087405166264 0.25016669654567 0.166843026167791 0.13970937006573 0.013828941751408 0.157230742111956 0.17801700215644 0.253165154468633 0.289422599093606 0.246289636694897 0.0861964260496694 0 0.359833783312565 0.0592861645701583 0.232279965311466 0.0929179142354633 0.216620458495076 0.371086609015994 0.0470208637509801 0.0592218223676445 0 0.157879082284908 0.226000034479007 0.10920084024223 0.054180392723106 0.0812637807712301 0.199524123242251 0.134843055620346 0.228598272956727 0.046865205394606 0.0852742874109949 0.0628961210357158 0.162691793208354 0.0110979077764114 0 0.139584294993356 0 0 0 0 0.0852102678530481 0 0 0.0630716957236205 0 0.123334452914723 0 0 0.328918877789727 0.0456494286288253 0.0791400733205519 0.019445852153217 0.129882231372597 0 0 0.00973721288452539 0.0236850525089788 0 0 0 0 0 0.117180869462079 0.0380815066061082 0.016773871590438 0.121032594517751 0.0142839534905015 0 0.0231235492798658 0.000570725046851368 0 0.131960818081705 0.0860010489820474 0 0 0 0.0218660859114191 0.258856210082278 0.0606531107304109 0.23636094030947 0.243658666926915 0.102852660600413 0 0 0.0379717608112956 0.0444988267514399 0 0 0 0 0 0.0291925267252438 0.114305016688452 0 0.195525579022596 0 0 0 0.0522844310873269 0.119267358016359 0 0 0.13116750300747 0.121934493422649 0 0 0.195280754911621 0.00897036519339223 0 0 0.295689673435383 0.254383829097961 0 0 0.0966158089607234 0 0 0.190101857037353 0.256372673903272 0 0 0 0 0 0 0 0 0.0361807539030913 0.0551999250408126 0.226320675046632 0 0 0.244059683823625 0 0 0.120163664410177 0.132091932482831 0 0 0 0 0 0 0 0.0163965249140697 0.0464204135842289 0 0 0 0 0.061705325764722 0.118278561185892 0.0706123269235038 0.0540278050034436 0.0457320341993828 0.267706402418724 0.249943104109166 0.192057472788757 0.241956410549605 0.27226881750131 0 0.151622711858379 0.310139102459743 0.0691802372074282 0.310050494101377 0 0.225934928759697 0 0 0 0 0 0 0.277698770824496 0.189161927249315 0.105823495390055 0.161584046046005 0.0430609842632279 0.0841026474931411 0.218462357953655 0 0 0.0736997009278388 0.0151874234450478 0.227939243216916 0.0814129933964877 0 0.000581783828937597 0 0 0.122230138285838 0.0428134406537937 0 0.0311329213341597 0 0 0 0.140190357283443 0 0.0763081717491736 0.065293988065251 0 0 0 0.118909173368459 0 0 0 0 0.00472656727545639 0 0 0 0 0 0 0.0130076264304003 0 0.113380845080997 0.0696691140169411 0 0 0 0.13494027688416 0 0 0 0 0 0.00552674929386315 0.149410459691537 0 0 0.21414442274241 0.0640038327975409 0.0494710063777968 0.117311474948526 0.258003724009869 0.197298373228753 0.131107611832755 0.255757782015271
0.0659620680750595 0.251813234243344 1 0.439046579298689 0.36486859043164 0.381518861172612 0.264821646487284 0.0903698483327654 0.0599562327691778 0.0985884231414677 0.168360557388436 0.166899987582261 0.00225431220629051 0.178737229242403 0.314892762357444 0.434744309460637 0 0.0621235254205513 0.37431395031707 0.240320233676043 0.208483169161851 0.441911352198319 0.146039846058246 0.324970636581659 0.251262532300871 0.278901346365903 0.369126322855684 0.523307336842754 0.313738037313408 0 0.276343512470116 0.109833655493722 0.193933396072001 0.258365021463015 0.216497704739201 0 0 0 0 0.296750766480908 0.181256095890095 0 0 0.243093198015684 0 0.283296320330788 0.0206461672121451 0.221097558400479 0 0.267555651084775 0 0 0.101710750124299 0 0 0.236725088368447 0 0 0.168216417268545 0.235763934593159 0 0.0739097962319304 0.0890673394220983 0.0862505516807422 0.0582926605012509 0 0 0 0 0 0 0 0 0 0.0226046641762275 0.0442631803068176 0.107912962453851 0.0801417254169167 0.119491144302172 0.177166899096209 0.239221883595615 0.159908499529783 0.0970681640410295 0.0348043442835988 0 0.00577277173722315 0 0.0975617215378973 0.164032283650559 0 0.196529582733272 0 0 0.14080700376515 0 0.0585863003232325 0.249399916108762 0 0 0 0.124727563626073 0 0.177471088589821 0 0 0 0 0 0.228470733237451 0.000821196742410722 0.00886834834519074 0.130009199990389 0 0 0 0 0.0801522824108091 0 0 0 0.138395033552972 0 0 0.0992521420177551 0.310149500998768 0.0147433348988275 0 0 0 0 0.0222609932023023 0 0 0.116528121926496 0.0841142286463568 0 0 0 0 0 0 0.210456159045898 0.193269414839704 0 0 0.0432064279194824 0 0 0.151222143802563 0.170352683757406 0 0 0 0 0 0 0 0 0 0.0669540065470453 0 0 0.155814496585052 0.360174675961106 0 0 0 0.085855216056039 0 0 0 0 0 0 0 0.089410916991468 0 0 0 0 0.0314832506735064 0.0550587965289033 0.281912788841803 0 0.16240309986771 0 0.00680051314192384 0.0232705387672513 0.140509133008968 0 0.250309500352692 0 0.345205008116296 0.187781791075326 0.0758385035632813 0.204735825217714 0.142222516546265 0.308946568063743 0 0.0815264957074829 0 0.022520163933545 0.0450196108071026 0 0 0 0 0.0462110029628186 0.073118510036836 0.253312923054926 0 0 0 0 0 0 0 0 0 0 0.104762723759631 0 0 0 0 0 0 0 0 0 0 0 0 0 0 0 0 0 0 0 0.035369526061546 0 0 0.0714808029980461 0.102242005768911 0 0 0.112394460108115 0 0 0 0 0 0 0 0 0 0 0 0 0.198203554906023 0.209427677439676 0 0 0.135605272309982 0 0 0.0471944787606336 0.146963307311929 0.00924291462313205 0.0400030233213657 0.124534748034454
0 0.221417546704126 0.439046579298689 1 0.38982182937292 0.0781857547883026 0 0 0.065622703803222 0 0 0 0.313785051515126 0.131463132996908 0.00276869275278137 0.120749500716735 0.277479820511531 0.187813230526335 0.30597225484426 0.00987434200234352 0.0167340905990409 0.167688393944206 0.237820345974416 0.250268952636277 0.100555015383912 0.0650764587824307 0.284949287161389 0.446522940315642 0.363860011344665 0 0.266400493879105 0.0516726613452914 0.178919557768693 0.180739997037495 0.20082250668817 0.127979074689648 0.0500301699323442 0.363352010675327 0.315088501426577 0.593699074149827 0.1645152781232 0.233720717522749 0.00350214833928212 0.321663206916606 0.280970982527162 0.394134433125085 0.112646768809825 0.29793727409648 0.307475977849027 0.0771197734337039 0 0.088463722745226 0.123000183718499 0.120703072378917 0 0.308317189910922 0.107733393191522 0.185015214117287 0.16443924245476 0.306455399730488 0.00134025651680905 0.00513723247341635 0 0.0244756057927471 0.0264799889456495 0 0 0 0 0 0 0 0 0 0 0 0 0 0 0 0 0 0 0 0 0 0 0 0.0142382019018185 0 0 0.202485597230623 0.0500751529295437 0.0972209373580833 0.100773854639767 0.0694931795601626 0.20693968574591 0.0402488242000151 0.0543592017450597 0 0 0 0 0.102296430871214 0.0121101685025149 0 0 0.148540701791727 0.166953031482981 0.187786870011118 0 0.0510350943565785 0 0.0261698571136381 0.0345559878444985 0 0 0.108599109629181 0 0 0 0 0 0 0 0 0 0 0 0 0 0 0 0 0 0 0 0 0 0 0 0 0 0 0 0 0.00279670296750141 0 0 0 0 0 0 0 0 0 0 0 0 0 0.113379238319375 0 0.142939187094098 0.0522656978332838 0 0 0.0420944650924736 0.027278267228475 0 0 0 0.0120563631057472 0 0 0 0.0644100006424478 0 0 0.0218609870486242 0 0 0 0 0 0.12956396528796 0 0.196063302123629 0.223381499529365 0.248546362544047 0.105880766918076 0.194411995728936 0.0877420665980566 0.206866045046092 0.197153374885329 0.0169359273727147 0.35121620430323 0.144761277194461 0.190036267202109 0.00696526557889482 0.277542598737112 0.00337851567970545 0.0352789972206101 0.0642840635579451 0.0437530976864164 0 0.0309836441813562 0.274164299688673 0.0983693802561077 0.0509385033837928 0.280787139283866 0.0339605443790623 0 0 0 0 0.127368632824407 0 0.139851931055468 0 0 0 0.0114698394370986 0.204512842296668 0 0.0183777806968245 0.121608407637576 0 0 0 0 0 0.206101890149558 0 0 0 0.00334364001342356 0 0 0 0 0.0877713520260401 0 0 0 0.020754570001779 0 0 0.0334615046502767 0 0.0602066025678153 0 0 0 0 0.000239174504418737 0 0 0.0475807502653675 0 0 0.131767828426168 0.175212473219059 0 0 0.252147936491191 0.00846335805032787 0.0705965502724707 0.0741796458681527 0.384095796932757 0.211288885216533 0.158237336326801 0.104625574612743
0 0.271691197502183 0.36486859043164 0.38982182937292 1 0.666243817610979 0.225268588747494 0.180372696886076 0 0 0.148774414893479 0.211684092324981 0.0274614103332129 0.247119906536789 0.0657567117709657 0.459349766759548 0.177910247301834 0.187882342531864 0.727336118292518 0 0.0502638601372895 0.605798050888411 0.604163561142057 0.218906543221454 0.282359776055792 0.392196765862178 0.854605609588252 0.729523715531972 0.414914483580372 0 0.371922719470448 0 0.260477708231683 0.277768849830296 0.203356380953221 0.278486116420236 0 0.119750723896183 0.229832865188833 0.432485312366669 0.0894058793022512 0.152488581453291 0 0.219853926781487 0.0713864425267148 0.306397744071735 0.0526237053345131 0.0840624318557031 0.04336474517182 0.0270679918942262 0.106793424771125 0 0.241843137656555 0 0 0.0669304567538166 0 0 0.162146453773894 0.301427343363055 0 0 0 0.0817124885164576 0 0 0.258347948442756 0.0240807301593661 0 0 0 0.112320871080783 0.0981862298708644 0.110850616159119 0 0 0 0 0 0.00452566510921826 0 0.0382620892465041 0.104149695436755 0 0.0800328276920581 0.156431198250146 0.13534879455589 0 0.0743143196593078 0 0 0.0819181588504909 0 0.14740177164903 0.192794978952685 0.0795586222739342 0 0.157184233054113 0.118335526379761 0 0 0.0131230340886161 0 0.0887441415955728 0.0234634719900627 0.0625297796743858 0.0160313626244904 0.0930228632118837 0.101916889515936 0.0036698956852362 0.0307879656877082 0.0391844393274505 0 0.0766931626795691 0 0.130780120218672 0.0876593657504367 0.0853770378990545 0.10413635478171 0.0384106885588893 0 0 0 0.0533179130920537 0 0 0 0 0 0 0 0 0 0 0 0 0 0 0 0 0 0.11457386654543 0 0 0 0 0 0 0 0.0672060533753984 0 0 0 0 0 0 0.357351155435878 0.0990399570830978 0.218240368151158 0 0 0 0.139724925764369 0.0968169905427287 0.120596236856285 0.160272661163214 0.175317216025769 0.115091732726599 0 0 0.0151783690177849 0.0821254987738213 0.0605405089016569 0.116691326243064 0.220081309605651 0.176337880917983 0.152335588136909 0 0.0104526098513717 0.195685087279397 0.11970411406708 0 0 0.0510253100102297 0.2483453290186 0 0.220690920455684 0.0750580715164886 0.0222644173399701 0.269140444565273 0.26846934865178 0.0494243557012698 0.0780696878390286 0.132211444977283 0.0997872534301284 0.164708800609225 0 0.0754762912454903 0.153898854638383 0 0 0 0 0 0 0.12134704091238 0.0807331981408671 0 0 0.313040958778031 0 0 0.217745628313641 0.0887013597101356 0 0.20478148098904 0.0631210991509324 0.00486364938613733 0 0 0.0965789393635827 0 0.0169481402466571 0 0 0 0 0 0.0409001085222006 0.049723688993363 0 0 0 0 0 0.0613523679112135 0 0 0 0 0 0.039033812641154 0 0 0 0 0 0.0659265190053522 0.0606186614207747 0.141344419141675 0.177791690326532 0 0 0 0 0 0.0774495788367239 0.0606404490398152 0.022031194565691 0.00899826765568246 0 0.179219910114387 0 0 0.516080064050574 0.382466511317224 0.280762662516704 0.280131383435994 0.0968390187389938 0.419067299098732 0.265536566158265 0.277863260622141
0.300275488534124 0.172085748860487 0.381518861172612 0.0781857547883026 0.666243817610979 1 0.720874646666764 0.33496654493936 0.100630359537049 0.475852382850593 0.499268321978716 0.421933037003327 0 0.320861613092171 0.32664841328246 0.704324760124707 0 0.0225513958351789 0.645673069038457 0.39463804127868 0.18955245457021 0.720913429295337 0.421795312523111 0.311456212011946 0.424566327424439 0.66639674478445 0.734070714089683 0.590875064772722 0.242339046731697 0 0.35512526502422 0.143537397901678 0.344448963286526 0.350000074556373 0.23100246213718 0 0 0 0.0270137090196885 0.194347878627315 0 0 0 0.016434853306928 0 0.157230339213211 0.00944629736896018 0.0975895694025145 0 0.31952273079944 0.098469574019454 0.0886653968007984 0.364138843949888 0 0.0653093603790596 0.0968704726115938 0 0 0.296889673084615 0.275040080424302 0 0.150313386637282 0 0.0996161435129171 0 0 0.201733089197941 0.019267174301743 0 0.0710141965989276 0 0.0969747862551307 0.0592299317877549 0.0449989356095146 0 0 0 0 0 0.0532339729438661 0 0.00920828318684738 0.104500335660808 0 0.0235926238422422 0.10179620178369 0.0231727102336259 0 0 0 0 0 0 0 0 0 0 0 0 0 0 0 0 0 0 0.0614856533057358 0.13033862141925 0 0 0 0.0652008254913651 0 0.0194460692815267 0 0 0.0753218695289199 0 0.0659334025378234 0.0586591218341943 0.0317769839160391 0 0 0 0.282905817949978 0 0 0 0 0 0 0 0 0 0.0695256307301562 0.099256472839788 0 0 0 0 0 0 0.119496270321746 0.101878291064924 0 0 0 0 0 0 0.183874165602668 0 0 0 0 0 0 0.314646144603758 0.0638713165743729 0 0 0 0 0.00544115614291146 0.0875797836471126 0.0330210010505121 0.081632170648523 0 0.0221138107565777 0 0 0 0.00638627819033606 0 0 0.137604878749094 0.0993752457260602 0.0317120457384633 0 0 0.0904360518102655 0 0 0 0 0.0319257077707599 0 0.0721339301043359 0 0 0.0529228966536842 0.137447114192835 0 0.0612392812942676 0.0470179697445512 0 0 0 0 0.0605322979349624 0 0 0 0 0.0474173324861675 0 0 0 0 0 0.132925537499794 0 0 0.217412605200183 0.0369540129341599 0 0.211087596635549 0.0916241937648332 0 0 0 0 0 0 0 0.0132608353278988 0 0 0 0 0 0.0128819893087239 0 0 0 0 0 0.0232236087017488 0.00482389507327589 0.0176234864153631 0 0.031139885924694 0.00942677684925946 0 0 0 0 0.0337062546958084 0.0631627609725188 0.0485848412614948 0 0.167808197308705 0 0 0 0 0 0 0 0.1109607930596 0.170662913182918 0 0.00221474163671526 0 0 0.281490312121475 0.195718550837823 0.150325274571041 0.128486784922412 0 0.179754405548045 0.0970801560445064 0.29299591604823
0.282301941821281 0 0.264821646487284 0 0.225268588747494 0.720874646666764 1 0.315699867517264 0.339898674585514 0.790662379214117 0.584769041778672 0.434844447749658 0 0.39144922757435 0.394348778735662 0.590954857849388 0 0 0.487678941496709 0.663601536520661 0.30086814966943 0.502182351657592 0.213966373509859 0.475072583233404 0.438347525971504 0.625547644908825 0.399971690419425 0.423137496146085 0.208842126994481 0 0.204381350689818 0.228421108555959 0.264889398385938 0.25108469953209 0.161647545809097 0 0 0 0 0.0351853979831138 0 0 0 0 0 0.0186047311619585 0 0.0184645441718156 0 0.440592864565551 0 0.123178042681522 0.344885401909008 0 0.0633711865811259 0.151803260153622 0 0 0.308335899944621 0.199680902073909 0 0.354249103990277 0 0.0857225608648728 0 0.0171134467667187 0.0854625386355386 0 0 0.142713430925722 0 0.00890186807369065 0 0 0 0 0 0 0 0 0 0.057686547818535 0.0609070635897046 0 0 0.0512126947289622 0 0.0127887285438561 0 0.0289053168582386 0 0 0 0 0 0 0 0 0 0 0 0 0.021541165827496 0 0 0 0.0217030766787988 0.00923198836562356 0 0 0.0988709577638515 0.0340160322903916 0.0870887073106973 0 0 0 0 0 0 0 0 0 0 0.149400506271389 0 0 0 0 0 0 0.0327856060570978 0 0 0.0347064846701729 0.172085922791813 0.0853661098654804 0 0 0 0 0.0508571260039317 0 0.143785861713721 0 0 0 0 0 0 0 0 0 0 0 0.0271936795275161 0.0505385955977274 0.059252210861277 0 0 0 0 0 0 0 0 0 0 0 0 0 0 0 0 0 0.00129215933055398 0.00259097828667958 0 0 0 0 0 0 0 0 0 0 0 0 0 0 0 0 0 0 0 0 0 0 0 0 0 0 0 0.188294836982421 0 0 0 0 0 0 0 0 0.141209348324899 0 0 0.0714588394314048 0 0 0 0 0 0 0 0 0 0.00310774517531989 0 0 0 0 0.109877501791277 0 0 0 0 0 0.145956042167526 0.20256350035485 0.00867786174909918 0 0.0126794965291315 0.139978877095548 0 0.0840990374540906 0.104677183720466 0 0.0376550519977406 0.0274356233686222 0 0 0.0352402904244189 0.102305691864998 0.200900023013852 0.0963620775138715 0 0 0 0 0.269925280372383 0.26440041215447 0 0 0 0 0.152406130195395 0.097846789069136 0.0777471645249215 0.0316685499739171 0 0 0.0162635405624447 0.186973717822556
0 0 0.0903698483327654 0 0.180372696886076 0.33496654493936 0.315699867517264 1 0.278508056575496 0.141479500944574 0.427292483665201 0.688394776097963 0 0.646998715735417 0.0949711396262317 0.138211401830063 0.262302526469911 0.276390647069437 0.15658316640885 0.0843192434780112 0.527053081598122 0.227625196731287 0.25611642408352 0.445837077096734 0.719134418635412 0.383678757986068 0.184705815774018 0.153516081131455 0.305604599694818 0.2604724543888 0.0216126055753322 0.0987508434063003 0.00647912679486314 0.0699606102712654 0.0546347153348511 0.0942785959199125 0 0 0 0 0.0398036143860472 0.0360345679177027 0.0556831602583535 0.105423893170399 0.032160617500077 0.0797207091201291 0.0951703572443495 0 0 0.129442090159162 0.266287336646859 0.240920262039839 0.114339158395175 0.138108506170825 0.112741498773988 0.133726105579749 0 0.139977402126007 0.379282256854836 0 0.328789917105147 0.131194621081368 0 0.235206175520746 0 0 0.235287964371094 0.362384817058169 0 0.370056370658402 0.301610340168566 0.152615251955616 0.253884283921247 0.0931005368421609 0.213455083962595 0.0578228138247943 0 0 0.095665428615418 0.0177426917806234 0 0 0.123505611998988 0 0.229844114562493 0.200180232809493 0.115798271231847 0.00158647317217926 0 0.172260797483568 0.00450104210924143 0.077523220764545 0 0 0.200223405806839 0 0 0.079036815107488 0.147018477830444 0 0 0.195925153120152 0.0736838199618769 0.228610737766748 0.222941833748652 0.335038824518314 0.260787768091203 0.0390535049994514 0 0.109795104234697 0.0508741579929061 0 0.0174810165677433 0.112067381773356 0.341707901247028 0.33713390680018 0.15957522974816 0.171492015728966 0.220878347201394 0.180550009748069 0.163457262162758 0 0 0 0.153625754548939 0 0 0.0195792339031705 0.0717574347626668 0 0.00634087521761132 0 0 0.0965683995922305 0.121652445773635 0.0600032813932921 0 0.0449566564207132 0 0 0.060985103237466 0.0554713277411939 0.0380505206482595 0 0 0 0 0 0 0.158005999310213 0.0479313244918939 0 0 0 0 0.00514875028948588 0.29547643304942 0.0814931136104969 0 0 0 0 0 0 0.0205698528201068 0.0316871578880751 0 0.129236461748351 0.0864414743058547 0 0.055183452601473 0 0.0491432179368022 0 0.0630391931163002 0.123359089209985 0.0124482357988068 0.0266701076956678 0.0400516483408866 0.17082541527722 0.0114975385044287 0.000451179962432516 0 0 0.128176070268543 0 0 0.0104287932343962 0 0.051362989930305 0.0393298936102651 0 0.027165773845778 0.0476053011407052 0.000341660169220614 0 0 0 0 0 0 0 0 0.119444573809144 0 0 0.00569758536456511 0 0.0249211239767438 0.236093733369001 0 0 0.124990520889857 0.182174751421737 0.14589350442333 0.19269945758145 0.0964722802726301 0.201259528366042 0.0839573540642685 0.191068147899451 0.124337950950586 0 0 0 0 0 0 0 0 0 0 0 0 0 0.183996349910773 0.130915764078838 0.0485031951951635 0.0367429417882595 0 0.188300624165721 0 0.270124071826708 0 0 0 0 0.157168416765803 0.0434511502180114 0.287662788963869 0 0.0244804555957156 0.0141890190611796 0.0115732859162342 0.126116048958955 0 0 0.0700413383182539 0 0.127252252369934 0.216697011519857 0 0.0667233718287481 0.0552093991331655 0.0638004463743956 0.173089695425954 0.0685517422807298 0.108632524393635 0.00431821140452241 0 0.088622103935913 0.0440590008243375 0.17076308716483
0 0 0.0599562327691778 0.065622703803222 0 0.100630359537049 0.339898674585514 0.278508056575496 1 0.25466214486946 0.116079587213667 0.295440604255483 0.457411988999804 0.535957033683762 0 0.0743418353051201 0.565657981704435 0.265336243655142 0.171923339881667 0.311218070194267 0.450503945163295 0 0.00820083397537934 0.644847192857316 0.406526184654301 0.0864242058877324 0 0.170034280585833 0.317526637322455 0 0.0777978849181353 0.152693140482419 0.0655736050857259 0.0591837192523712 0.107130335637739 0.0109093420686926 0 0.272693118087411 0.111725632323437 0 0 0.190665784472561 0 0 0 0 0.0197529042003152 0.0137623303178451 0 0.0552023242638944 0 0.0107107707157475 0 0 0 0.228496418186572 0 0.0624157881132699 0.132981441639725 0.0160188706579969 0.143696424120675 0 0 0.230822907607286 0 0 0.101269420352079 0.13508982021658 0 0.293576844275262 0.157667304751727 0.131974818442397 0.00191957293003927 0.00329020971616 0.182963860251106 0.0310080891334556 0 0 0.144559313400243 0 0 0.0699256869246285 0 0 0.105313957870696 0.229008808771216 0.0544082583468053 0.134618445456754 0 0.142519101854862 0.0417911365108985 0.123865217019232 0.0843312728374747 0.182191463771306 0.305116551639204 0.119886232308958 0 0.0780845454215369 0 0 0.0418505345153567 0.0300619680648346 0.165511281456156 0 0 0.0424055956699818 0.0129208741321129 0.284845614885026 0 0 0 0.13416219171319 0.128455161875939 0 0.176057082580434 0 0.166010699738978 0 0.034711532097192 0 0.142211211804435 0 0 0 0.0924160792000802 0 0 0 0 0 0 0.11018259527803 0 0.0634618851166746 0 0.0171533645993551 0.0568095612841486 0.073549184813256 0.181547368891543 0.0114789132858163 0.210267250543645 0 0 0 0.175065022625137 0 0 0 0 0 0.0213251980295543 0.0519442721854536 0 0.181032786577086 0.0660940820930584 0.143997097281539 0 0 0 0 0 0.132366083980791 0 0.0648159450770949 0 0 0 0 0 0 0 0.0269262369468262 0 0 0 0.0794153416333925 0 0 0 0.0956416925945413 0 0 0 0 0.0607409458219888 0 0 0 0 0 0.0620768129846661 0 0 0 0 0 0 0.0434227703861235 0.0225985363162548 0 0 0 0 0.242177188611693 0 0 0.0883783215519115 0 0.0766556117531963 0 0 0 0.13175853257682 0.10915349987401 0 0 0 0.0198715572187289 0 0 0 0 0 0.0524086089693427 0 0.50246805078565 0 0.0326550071507425 0 0 0.183644288194929 0.389139931293962 0.101317948072549 0.185379468837454 0.0511765720350038 0.0936712924267161 0.0242063745506187 0.0592817566194033 0.0253412131922714 0.00825357419941858 0 0.19517858096935 0 0.0855054575308503 0.098884080509851 0.0322620257328895 0.0436167951775039 0 0 0.0127096980242551 0.0251260139629368 0.134273921881967 0.296450286190323 0.146614781030036 0.0170538364537524 0 0 0 0.136744720904864 0.0768349492166423 0 0.00919587022854196 0.0241434790590344 0 0 0 0.0161840464452031 0 0 0 0 0
0.326034694363955 0 0.0985884231414677 0 0 0.475852382850593 0.790662379214117 0.141479500944574 0.25466214486946 1 0.394485850933463 0.241618523915615 0 0.129017312358291 0.272497200077332 0.408594066269496 0 0 0.307202722388611 0.631614021451138 0.0954360982402662 0.287260959861457 0.0623666728258947 0.22034725471777 0.23344718493747 0.490793217551922 0.162528455863648 0.238840181443891 0.0133729915316687 0 0.181382114012125 0.196042199829017 0.265817920211695 0.239788525003555 0.152832388889736 0 0 0 0 0 0 0 0 0 0 0 0 0 0 0.239460766350424 0 0 0.0673514723671233 0 0 0.0398426855076579 0 0 0.135335215975107 0.0721412979869809 0 0.22066694192584 0 0 0 0.243849239687022 0.0322429030042215 0 0 0.205648017662367 0 0 0 0 0 0 0 0 0 0 0.00252999548308732 0.0331433918166345 0 0 0 0.0142063533467051 0 0.0192731145694837 0 0 0 0 0 0 0 0 0 0 0 0 0 0 0.0140492399223511 0 0 0 0 0 0 0 0.15635189895281 0 0.0857674625511415 0 0 0 0 0 0 0 0 0 0 0.192205694269161 0 0 0 0 0 0.0724627921928679 0.0511507486810209 0.0706785164509033 0 0 0.075353875077549 0.300989615944469 0.198109379845322 0 0 0.0265253868686176 0.12108682945128 0 0.0448112716786328 0 0.0253622154022878 0 0 0.0543773844002128 0 0 0.12347111783885 0.0415728736853268 0 0.136287806213534 0.223018573046289 0.0108343631604669 0 0 0 0 0 0.264375146394062 0 0 0 0 0 0 0 0 0 0 0 0 0 0 0 0 0 0 0 0 0 0 0 0 0 0 0 0 0 0 0 0 0 0 0 0 0 0 0 0 0 0.223814606184744 0 0 0 0 0.00324862740395031 0 0 0 0.15226491605712 0 0 0 0 0 0 0 0 0.0458035306718844 0 0.0822454216192714 0 0.121041956025936 0 0 0 0 0.176111825013198 0 0 0 0.113185010865016 0 0.339979145833727 0.489148253921795 0 0 0.0435441836010157 0 0 0.181263628523057 0.0411534268843991 0 0.0558045106794548 0 0 0 0 0.408723004651654 0.414185527906467 0.305360304645892 0 0 0 0 0.265804932502333 0.173280577459821 0 0 0.151144169856164 0.0309896469453417 0 0.0038141301881772 0 0 0 0 0 0.142668789650707
0.371627329698603 0.0232548369552914 0.168360557388436 0 0.148774414893479 0.499268321978716 0.584769041778672 0.427292483665201 0.116079587213667 0.394485850933463 1 0.529362841282558 0 0.347225955228097 0.472700714567698 0.481794759264411 0 0.149593009025014 0.171297586745387 0.537517560131952 0.198277369002339 0.550170125648538 0.32724765798546 0.231140772751147 0.495365148672683 0.56023179961937 0.204520392123321 0.216806288596458 0.196794581819516 0 0.24216065440642 0.433942377208602 0.220237068486731 0.218786223182972 0.139860289762066 0 0 0 0.0486711923309552 0.195954338435835 0.122303987920714 0 0 0.161322157851399 0 0.125019170211851 0.0916346343468263 0 0 0.55167434969498 0.00182801979347568 0.411153864572449 0.414726825488522 0.0796319794722136 0.403957511989362 0.351559642551114 0.0446607977154118 0 0.532684396471877 0.396340174120873 0.00762431843452621 0.374074410039975 0 0.02350644900618 0 0 0.00388687454690195 0.0464357637144157 0 0.0124336893989325 0 0.126365353520497 0.071506436352152 0 0.0569366280124653 0 0.173383145967455 0 0 0.170715003461807 0 0.0493199051668361 0.103078059416904 0 0 0 0 0 0 0 0 0 0 0 0 0 0 0 0 0 0 0 0 0.0778241106346346 0 0 0.118114709060216 0 0 0.170822554336771 0.231019555026832 0.163553769508265 0.160326645200825 0 0.0171998262324281 0.0995811105702924 0 0.0930134079397133 0 0 0.0102093015000451 0 0.0471095574690474 0.14137306959183 0.0392568729921097 0.0569120770247267 0 0.122138029657674 0.129417041191685 0 0.230704965539965 0 0.0220598164401975 0.138082825541269 0.323754170652132 0.0455304396129599 0 0.152128859870767 0 0 0.205188847643053 0.166439895315305 0.267207956680396 0 0 0.116000400409943 0 0 0.0992529988265445 0.26571396472224 0.0782984171533298 0 0 0.0589262760911878 0.127898547651816 0.121798335521652 0.134524553705454 0.0162333802382793 0 0 0 0 0 0 0.00888713529140498 0.00635652395207314 0 0 0 0 0.023678627945884 0 0.0221821979320844 0 0.112917783971339 0 0 0 0 0 0 0.0603905031615337 0 0 0 0 0 0 0 0 0 0 0 0 0 0 0 0 0 0.0859595010543945 0 0 0.0431891144882013 0.231853826748731 0 0 0 0 0 0.0768892376518181 0 0 0.00143481524876838 0.0367975776921666 0.0471808161128014 0.326776500635254 0.0889862462960618 0.00795521401118642 0.0216781045339368 0.0659081885667439 0 0 0 0 0.0461726220195746 0 0 0 0 0 0.170373321759418 0 0.0323750186343347 0 0.204730408696332 0.152132552351889 0.18987880605616 0.0777939458125984 0.0766557694971 0 0 0.213238841801573 0 0 0 0 0.0359523140918623 0.0651716933402564 0.0558770429103968 0 0 0.0567112039891643 0.0869546902017078 0.236535032156544 0 0 0 0 0 0.034230814573995 0 0 0.0556343308159644 0.0280595080003881 0.0839849774549 0.0274848424964943 0.0364639763174314 0.101749332096872 0 0 0.101602353635033 0.172791681975868
0 0.150295651529737 0.166899987582261 0 0.211684092324981 0.421933037003327 0.434844447749658 0.688394776097963 0.295440604255483 0.241618523915615 0.529362841282558 1 0.0548246896324899 0.508564459171123 0.17779471361012 0.304135203782171 0.201368607347741 0.453387749487972 0.240635505384022 0.165297223048327 0.500239401775326 0.384246740875496 0.308997506911022 0.406040640973535 0.72873307117501 0.321252155923339 0.191793694375863 0.234910172692951 0.393055493089747 0.0688748303823477 0.0112060929490631 0.0761519449194213 0.0583366728482691 0.0962229646267324 0.0707702871740475 0.106232791181912 0 0 0.149549150414358 0 0.00372561718949804 0 0 0.112306169303025 0 0.0501675269565236 0 0.052660236719061 0 0.208453614287632 0.100269330998152 0.166565878944122 0.155273415881463 0.0711960305441488 0.156973378947071 0.102209147963076 0 0.110888191869559 0.320987959858634 0.136242002719948 0.229013234985596 0.212888538935247 0 0.274972492186867 0 0 0.243578671529 0.269951402027954 0 0.248576613971153 0.132136571011944 0.131765358966227 0.216250338373718 0.136878043094762 0.209805919450212 0.0208336196764899 0.0878880649985242 0.036532120654886 0.0557099650844128 0.207217788541493 0 0.0200422717482355 0.208729348170346 0 0.095696933632817 0.163586148967348 0.118063569118518 0.0751336324075796 0.0199118720597683 0.182628929900987 0.0497958496270879 0.00694701353688453 0 0.108601139875544 0.103137908489666 0.0903647850204691 0 0.0603852110231375 0 0 0 0.0353739717972461 0.174985122485992 0.0661371159602719 0.0566266069991028 0.247529032165029 0.151010972351714 0.114536583613994 0.0652100164758569 0 0.14265852061785 0.0787942544265773 0.0647534202821856 0 0.180880677748639 0.0912220489073403 0.219598784917071 0.0483633602618894 0.122019575314217 0.030994674160444 0.270961577846471 0 0 0 0.262768384258307 0.0712299767380467 0 0.0212248074177125 0.0885209956243984 0.0654441749752053 0.142091825847178 0.0536843416924286 0 0.205031399431844 0.216060584036606 0.0531851789126515 0 0.308175860073118 0.0691719323803066 0 0.00803240590667756 0.326367309637768 0.16153526067684 0 0 0.0828089491599712 0 0 0.13770982494248 0.288450237085559 0.0692029457681217 0 0 0 0 0.0790360989227336 0.133310667703437 0 0 0 0 0.0214348084528964 0.038855598988996 0.0384649914005785 0 0 0.0220115498173319 0.164316663283211 0 0 0.00375469949493754 0.0653461869976937 0 0.0508486382289345 0.115094446680014 0.0908888461069317 0.0540748186697951 0 0 0.168442468767775 0.0698801506340452 0 0.0202885825862263 0 0.0901246783953585 0 0 0 0 0.0760295711360346 0.124823736330609 0 0.0450368130848867 0.0724327167081288 0.0476212175782225 0 0 0.0309949430384159 0 0 0 0 0 0.0515348237558385 0 0 0 0 0.0827211247142048 0.24264772808159 0 0 0.117042511232635 0.181304869296777 0 0.108486954720448 0 0.0762768397575782 0 0.0409881545628508 0 0 0 0 0 0.0296134749505811 0 0 0 0 0.0945187131170402 0.00952252920579697 0 0 0.0553703011970268 0.182667203285026 0 0.0827549628161343 0 0.00397937267334001 0 0.324364293186979 0 0 0.199057195729963 0 0.127575509909273 0.0545459904065262 0.220829011972911 0 0.133586782732683 0.0428669406475223 0.0813380268032241 0.0988643377935273 0.0482360561465154 0 0 0 0.084745727793616 0.18540663921457 0 0.0124408116862142 0.0460091086203255 0.0462418297139758 0.236655294731502 0.124491938126089 0.226425935253099 0.0833560000648468 0 0.0334227843694865 0.0888872131688864 0.200695739814063
0 0.117436532381162 0.00225431220629051 0.313785051515126 0.0274614103332129 0 0 0 0.457411988999804 0 0 0.0548246896324899 1 0.28463169706945 0 0 0.548896767801576 0.49474597403386 0.0486660952812955 0 0.198887363243846 0 0.00219205809756185 0.347965789074638 0.0315170839397108 0 0 0.0347175383112822 0.35642121096548 0.198345515812942 0.0308526525472631 0.0928122123281215 0.000280811130818119 0.0168769936261949 0.13820604086673 0.207603332490848 0.237119224060062 0.540057217035705 0.207567763599347 0 0.0696924037067721 0.185004411735777 0.24089380334663 0.188548540499848 0.0580995113427411 0.0777177564993492 0 0.105994949011417 0.162643765939781 0 0 0 0 0.224856627594225 0.00115064832770768 0.17908916085944 0 0.403918986428208 0.0791138964221076 0.0643005468255517 0.315026799969928 0 0 0.0203966115829855 0.107610368983241 0 0 0 0 0.0221078557426849 0 0 0.0352510157642141 0 0.163421402886159 0.0273768942885497 0 0 0.236000634034388 0.0376969403796214 0.0257194615935092 0 0.0533393293520739 0.0018986000478079 0.061237893310882 0.182242892709219 0 0.168820739610307 0.083429858786672 0 0.028798504090834 0.15800361470792 0.193443274511958 0.421936482430703 0.278966634511834 0.314537388541503 0.318353308880202 0.176119943472043 0 0 0.152271544379637 0.0798985441479137 0.0229976419776595 0 0 0 0 0.313668969576986 0.198837648641083 0 0 0.181234998680947 0 0.0765462149904096 0.117393587346477 0 0.217813783429184 0 0.0840101775028086 0.0588541735636069 0.0890148373882806 0.111572105756398 0 0 0.0891559433538463 0.130420972133911 0.146205763592323 0.0614271107456723 0.0227013682669852 0.143241505857521 0.155166573925107 0.327237219205796 0.233458673098645 0.166329282521944 0.0457830451919486 0 0.175889087033902 0.462464990598823 0.450970991541721 0.153350068797289 0.012001991973623 0.266213511842806 0.13883403735309 0.377639593409502 0.29992256874916 0.0946992927834761 0.484585661135541 0.00918586485075704 0.249729903003837 0.0609986692373354 0.133322735671729 0.316304483291348 0.167501597268168 0.141870474442529 0.145363230169474 0.154424568750632 0 0 0.111838828535882 0.0181366476688822 0.160190887869335 0 0.265613351417493 0 0 0.00335027096950561 0.196051222375318 0.156496878028156 0.0576481633207455 0.235095346321448 0.0112294956837335 0.120241013623801 0.0851879608077456 0.0677765731733933 0.0485274414380635 0.241256304780726 0.182252408284905 0.0300587292585169 0.232220950715145 0.167517082951963 0.145495104539721 0.0950394493838077 0.0744820309634909 0.0159629471262573 0.304475714920727 0 0 0.0822213738167404 0 0.160146244675729 0.100259013277093 0.1771185838648 0.136071509879705 0 0.146439850889561 0.029616747360729 0.235676057779844 0.262411101306137 0.112073070493174 0 0.0712713364693509 0 0.0592839112541 0.180997172312203 0.038522000310198 0.138344435987449 0.183650905404258 0.0249138552742973 0.253601061088803 0.142729230719543 0.138069846456159 0 0 0.0749646499977365 0 0 0 0 0 0 0 0.233965730120513 0.386721584668928 0.368249337742467 0 0.652546319266723 0.165542969197314 0.110751748146206 0.119575380388938 0.0777898798008414 0.379109504721538 0.64833990384514 0.226337628126418 0.354200655227346 0 0.181210069532568 0 0 0.0146576688739892 0.11482884785043 0 0 0 0 0.00324490232438278 0.120160423098762 0 0 0 0.108723698115737 0.1268599662869 0 0 0 0.0409698916011038 0.0946030599723096 0 0.0932772674316026 0 0 0 0.0339640946495828 0.107166153447366 0 0 0 0 0.0544369935195958 0.187956816623498 0 0 0
0 0.0409442601119662 0.178737229242403 0.131463132996908 0.247119906536789 0.320861613092171 0.39144922757435 0.646998715735417 0.535957033683762 0.129017312358291 0.347225955228097 0.508564459171123 0.28463169706945 1 0.0968453945066272 0.137353553641242 0.479377997201258 0.293899715485331 0.285588079563164 0.208256978067754 0.598779799864488 0.111877628251168 0.29526832075968 0.748945526856007 0.56373677748894 0.460992172636478 0.158703771978509 0.202551200455802 0.503400905389135 0.194764268235489 0.157948928791415 0.235697366920297 0.188750227928359 0.169712951737341 0.159986798572538 0.0750085123929757 0 0 0 0 0.154400939566952 0.159370941273155 0 0.12546666294036 0.104624561414221 0.252735555004356 0.0959360287448072 0.097643427817211 0.0304850010729131 0.283415458774556 0.226288624855886 0.249343863459641 0.227220116392601 0.21483329807504 0.0665708235983573 0.338411812735089 0 0.300089528119965 0.417167922995873 0.164584589986907 0.343165433274354 0.215176808063379 0 0.291774770278705 0 0 0.221059975198115 0.242089139147445 0 0.282208327639864 0.238261400493061 0.152041766637848 0.130083023185003 0 0.286285074728341 0.113157659693991 0.00838865444008327 0 0.111513926654479 0.000545563388794754 0 0.0906004522750592 0.130937697208805 0 0.154970022052394 0.232657717248681 0.0201841529050784 0.00147747097682953 0 0.0905318475993383 0 0.206409394460024 0.148927937620699 0.132773421744004 0.377864694396184 0.00500245143792512 0 0.127432811746601 0.067670035037258 0.0252400675639947 0 0.184129974623499 0.10221380198124 0.14075630007832 0.0520228350904849 0.176889559328097 0.0834038749943793 0.319654739277366 0 0.0913817529407643 0.122287890919899 0.207557629584827 0.0582441607138171 0.103517676268443 0.223344745918529 0.16753476532615 0.235738491965105 0.0603420115221882 0.130973052287279 0.0347932680061684 0.123173051342151 0 0 0 0.07834948271213 0 0 0 0 0 0 0 0 0.047222608605229 0.00675524306009675 0 0.050058579339551 0.0578017391194638 0 0 0 0 0 0.0962558252145667 0 0 0.0819998554790263 0 0 0 0.0710732546126785 0.0376099549375774 0 0 0.0406532795100822 0.0725307097062374 0.136272953961144 0 0 0 0 0 0 0.0306275573518437 0 0 0 0.0759600525621489 0 0 0 0 0 0 0.0913538882727039 0.223824277852536 0 0 0 0.143033522719923 0 0 0 0.00591389300526303 0.0713164448269831 0 0.0355859006052472 0 0.0608319343821755 0.000426023686991131 0.206470126363132 0 0 0.0371976502706048 0 0 0.0342757387746156 0 0.0454657304337726 0 0 0 0 0.220697127053784 0.0726630226314999 0 0.0931689297639773 0.00122530562551139 0.142415076660106 0.268614315111788 0 0 0.155506852797086 0.216121013873414 0 0.212580595020554 0.130900467311012 0.0625151942197304 0.0126566971392407 0 0.059849762168894 0 0.029060729163734 0 0 0.167816743660318 0 0 0 0 0.0769926839851328 0.0934076296133961 0.08560335056708 0 0.0470989520331764 0.225532657035274 0 0 0 0 0 0.219167198302476 0 0 0 0 0 0.0232145062831263 0.110751918293858 0 0.215101882455481 0 0 0 0 0 0 0.00314699667530271 0.0516433411965515 0.0807207814113521 0 0.102880292336301 0.0624088650787861 0 0.177245461949056 0.0833229936196332 0.140607474451274 0.146362388049164 0 0.123308513196933 0.114732473614019 0.231172608493479
