1 0.0808272723195072 0.182962079053273 0 0.18019121642544 0.154191824805194 0.086232609748753 0 0 0.32242203367764 0 0 0 0 0 0 0 0 0.148335269756987 0 0 0 0.0677345115508569 0 0 0.405967127949689 0.0936371229820992 0.0430892843436314 0 0 0 0 0 0 0 0 0 0 0 0 0 0 0 0 0 0 0 0 0 0 0 0 0 0 0.0885616076382864 0 0 0 0 0.0220926417601185 0 0.0374363343675539 0.410148366518504 0.052418309814193 0 0.128807897133415 0 0.170835817935051 0.325166327481596 0.135175043699256 0 0.159048516869804 0.111655209272311 0.00420887524040543 0 0.171312675113818 0.239367076885089 0.0844387187364958 0.0832106486074907 0.289975272783764 0.235430959962678 0.373921709234653 0.185500790543176 0.170115393391759 0.123121883066507 0.143553669188529 0 0.183025685900247 0.107359517135586 0.0815483801952642 0.150108107669751 0 0.202787251113946 0.151427997087357 0.189671654670556 0.160317183980093 0 0.03000015206409 0 0 0.29611065498517 0.109262980514261 0 0.0549726172155338 0.0141812091276154 0 0.0360726373082852 0 0 0 0.266588469652795 0.0989511400204384 0.245620860011669 0.147058007794835 0.104859563267278 0.115546099576779 0.111113883639519 0 0.136486188387735 0 0.00838140744211062 0.150978580325121 0.16956611857407 0.671171311161402 0 0.102352683021125 0 0.149777717496938 0.179647634652895 0 0.0102030927043024 0 0.0604843459629535 0.0240501706243405 0.158462012838378 0.0929100742148067 0 0 0.0191339220079933 0 0 0.331241336182355 0.309745086958763 0 0 0.195554073676313 0 0.0645965639664519 0.364089594261905 0.245757577554217 0 0 0.0939037675688867 0 0 0 0 0 0 0 0 0 0 0.0643765651754665 0 0 0 0 0 0 0 0 0 0 0 0.129828020092411 0 0 0 0 0 0 0.00904558203950169 0 0 0 0 0 0 0 0 0 0.0780376034965419 0 0 0 0.054141779177826 0.00179561712146942 0 0 0 0 0 0 0 0 1.22399251935795e-05 0 0 0 0 0 0.0905501948242972 0 0 0.0384656767159038 0 0 0 0 0.0911854107194809 0.139582431754994 0 0.0212289593294419 0 0 0 0 0 0 0.63369811197204 0 0 0.0160608685482406 0 0 0.11995166064568 0.0703172785864857 0.339098150150111 0 0.235209177066592 0 0 0 0 0 0 0 0.10043476949876 0.0341385329400584 0.198191523824114 0.0764353007337077 0.0385017451377832 0 0.0133628815778602 0 0.00329909317851333 0 0 0 0.0113625598662922 0.119783302093439 0 0 0 0 0 0 0.325567176609571 0 0 0.00771221999240661
0.0808272723195072 1 0.190745895182549 0.412707907125364 0.23791279878096 0 0.290738383208145 0.195597385003105 0.0339047425383827 0.128191223565685 0.201677266056813 0.0483582190576666 0.130986376519517 0.040335726201315 0.0815687430686132 0.191430381940169 0.065229311534789 0.0958335240808506 0.233723658033105 0.0368397084098808 0 0.22734548895923 0.20477923513682 0.0812599497508244 0.0671100613896817 0.0098247142133124 0.326584108827287 0.413873444139569 0.285638985809311 0 0.289945316763709 0.240928064222789 0.321579159512877 0.228765222215421 0.158471759926624 0.355899980020855 0 0 0.0123902760441675 0.30957611870957 0 0.102801269795229 0.258631365667654 0.0833661136127719 0.164510679415258 0 0.147062356721721 0.243710565072893 0.125687429624004 0.216825656593071 0.0854352877017065 0.109527797712183 0.36142926651358 0.168488812782614 0.223481864706269 0.0444548104358528 0.00931147358086054 0.00182432826661499 0.260909334502026 0.219284345996189 0.00368912191402511 0 0.128401503774189 0 0.0348393920177298 0.154290889124487 0 0 0.089202362218264 0.0150191595503028 0 0.0508404898619941 0.0363596112443746 0.162658736237675 0.0276230870233601 0 0.137599488767653 0 0.0335955697927138 0.154112919810283 0.148409184192267 0.0899907488036053 0.165048480932311 0.246440451883731 0.1060957952133 0.244112370568463 0.0713569522355386 0.295847286078573 0.155873590284453 0.106546842181416 0.344492188009692 0.185325424672181 0.0326566835452264 0.106754069115116 0.0471408633444067 0.136340297102399 0.158178335236592 0.115889937494244 0.318063176440664 0.106579702274892 0.0117035148584827 0.0855840840163783 0.0982439239223046 0.0320198908421095 0.0478048100889768 0.161104509997775 0.0481608285598512 0.13127539748875 0.170518146507998 0 0 0 0 0 0 0 0 0 0.0940786831248573 0 0.264698261040082 0 0.058633992053243 0 0.208325294801707 0 0 0 0 0 0 0 0 0 0.0576847892353065 0.0397989191543949 0 0 0 0 0 0.096961443447804 0 0 0 0 0.0750063707397001 0 0 0 0 0 0 0 0 0 0.151211532863216 0.138255177147809 0 0.0644946757613773 0.109615490317501 0 0 0.0868310930942497 0 0 0.0836769122958007 0 0.1280474235959 0 0.203957489517193 0.158250704153034 0 0 0.222176684605055 0.0335585517966921 0.129701064184373 0 0.167964377679311 0.0239708326962205 0.233646505401216 0 0.0562814207172303 0.107081509464038 0.153531311119807 0.20897844928409 0.149105923052719 0.244589531475158 0.327391266217436 0.0784493130008702 0.17750874722521 0.287989535257279 0.00263226371576263 0.107033929163128 0.339709549431702 0.306835212795023 0.149399901160383 0.0611219486957538 0.194133694154501 0.100034134219552 0 0.0393630039756167 0 0.000744752862661475 0.152743744987722 0.101126907826034 0 0.0106041182158896 0 0 0.0469581944023805 0 0.152991314204745 0 0 0 0.0660561607081923 0 0 0.0264704517625521 0.120691358719455 0 0 0 0 0 0 0 0 0 0.0266626758730267 0 0 0 0 0 0.080993453640137 0 0.0636315103673025 0 0 0 0.00316640950129808 0 0.02781546181855 0 0.0562984614419011 0.01655686534002 0.133406624490149 0.23925939812915 0 0 0 0 0.0462348886496611 0 0 0 0.0207126830279608 0 0 0 0 0 0 0 0 0.0581920972286964 0 0 0.00129186975747327 0
0.182962079053273 0.190745895182549 1 0.173519347855653 0.228397509380567 0.118090046285816 0.246642581294737 0 0 0.05395105700104 0 0 0 0 0 0.093449318191069 0 0 0.304523344624303 0 0 0 0.219870153558554 0.002165215098054 0 0 0.269359187648935 0.325280783742355 0.101660710886437 0 0.00582596815655716 0.257811524610166 0 0 0.119564507595066 0 0 0 0.0970407372608759 0.290383380105084 0.237798065705245 0 0 0.244054224493146 0.208572583995584 0.122033259516869 0.322463266445232 0.0740369732767585 0.300836768700225 0.0200260729772286 0.0220986375478695 0.0101256894478922 0.15403636278568 0.064511432990126 0.203556712308608 0.0600738785666057 0.34191494430162 0.124893840505807 0.106746209709336 0.181197348015411 0.0417418956487428 0.0815255343157049 0.298003010672276 0.0293254315987565 0.0441401242823674 0 0 0.184537403259044 0.337483912558534 0.166174198485332 0 0.11120047582851 0.155318475680988 0.0801433108021378 0.315561102399661 0.138499201045767 0.080703010785692 0.168117818037526 0.216220338150704 0.034722948321042 0.32189540000922 0.120017176517717 0.228622130638242 0.279838417695484 0.0921913773881518 0.299010915613437 0 0.205088538420625 0.1287442198043 0.0794950200529004 0.214327007637325 0.167302581903647 0.316223420771237 0.354058537530536 0.188420357553689 0.394209626994143 0.221685003030505 0.262608086753585 0.0162276730609818 0.219209513282759 0.13623361675263 0.447163326912625 0.309453178443458 0.204661241733984 0 0.153651790019831 0.213265099136102 0.0105257523760802 0.0883742162980047 0.0554792003520175 0.256977190244383 0.193341834487344 0.16856083770733 0 0.0114481564065784 0.0356569545277873 0.157366741368573 0.0581219326686338 0.0702337018980385 0.0189369768717965 0.0805336067704369 0 0 0.219384607860018 0.0822902932199201 0.192806170982923 0 0 0 0 0 0 0 0 0 0.191380272386645 0.123105031262585 0 0 0.0673211956053381 0 0 0 0.196837211059621 0 0 0.108152920144369 0 0 0 0.166650365462825 0 0 0 0 0 0.0102232190396113 0 0 0.105962366222211 0 0.0854180361263997 0 0.016682291124378 0 0 0 0 0 0 0.0213689970962701 0.243911701050675 0 0 0.14690981498189 0.26750234075007 0.00860075462725234 0 0 0 0 0.0191687243570158 0.404149790908991 0.111996901095436 0.2650161944984 0.153804717434315 0.0145000803464434 0.143609927147454 0.160526343031632 0.201799158342125 0 0 0.0678969371230048 0.0271864601083034 0 0 0.347225838721594 0.224785816801305 0 0.137354925720191 0.0615144242050131 0.147672904582175 0 0 0 0.0409429206860688 0.00785771258476831 0 0.0178092718543374 0.0482929375279637 0 0.0521952200729746 0.134744322577962 0.162699223345777 0 0.078379345652365 0.14280170754473 0.210375651090437 0.175750805204742 0 0.151283437706977 0 0 0 0 0 0 0 0 0.100474778337915 0 0 0 0 0 0 0.129732521163381 0.125469098184477 0.228996798730998 0.0279641825737811 0.130852991682663 0.123261602911957 0.131198196369326 0 0.0276309834321879 0 0 0.278114498433097 0.103776764794592 0.186652897105971 0 0 0 0 0 0.0390284942866498 0 0 0.211017034253813 0.0190460090048165 0.111962763591895 0.179379698576247 0 0.208978216223611 0.177360452432025 0.0566966498348204 0.0798953546490083 0.233520455879625 0.0788874980850743 0.0918128196875238 0 0.155070385230757
0 0.412707907125364 0.173519347855653 1 0.0807830944697971 0 0 0.163571087262323 0.317434688855529 0 0.114112508165144 0.202069434715697 0.110949572773489 0.234097672876048 0.0584455282850962 0.175541531843561 0.227637090605714 0.0511155542842833 0 0.140539328164911 0.0253639346840454 0.0660835518723278 0.0866252239779489 0.373492621123699 0.108203009439257 0 0 0.258507017473506 0.283536635740352 0.169418134210629 0.229052322456788 0.264359376023839 0.287633325223399 0.291828899507032 0.421362170184544 0.499132130862384 0.152404123376099 0.0129525634707745 0.227499885995087 0.553473614482849 0.0338873658954026 0.217025367592851 0.158694990891461 0.396920939604192 0.255741650644411 0.18463654246369 0.384812258269304 0.472777597383526 0.121696578378482 0.259926962387732 0.114474248883122 0.124808524684568 0.298934293381743 0.252451860617161 0.125227572126047 0.279283815085333 0.189257260999004 0.218184675916013 0.34119373860509 0.186756393417858 0.257049960796947 0.087105170970777 0 0 0 0 0 0 0 0 0 0 0 0.152521759503196 0.029348194890682 0 0 0 0 0 0 0 0.124165397481208 0.0356301002676766 0 0.132000388695922 0.193789390045522 0.079704534239891 0 0.00826565536737283 0.0932529525745313 0.0446072307203647 0 0.110480895596104 0 0.136652669925869 0.0659756407512658 0.318359305515909 0.240730162742232 0.27789682975742 0 0.146990994842776 0.109327625156206 0.029524805813358 0 0.121339146406033 0.0974844043751073 0 0.315907884047931 0 0 0.0840072467966848 0 0 0 0 0 0.00389241386856722 0 0 0.0407072375844569 0 0 0 0.047594578382941 0 0 0 0 0 0 0 0 0 0 0 0 0 0 0 0.071500168024678 0 0 0.202819679779127 0 0 0.0839529169353326 0 0 0 0.0826436275088184 0.0661744550030539 0 0.0947579536534715 0 0.191877910854125 0.0266402540966999 0.202223116961359 0.121049439769853 0.161376528743242 0.108485135621011 0.0828740107942156 0 0 0.133741819912113 0.11279944286699 0.218575479007127 0.163917862448597 0.295126898365377 0 0.278561740291085 0.118032866649074 0.0836207916178875 0.143127127978603 0.104220674714367 0 0.25414549072817 0.216290480504275 0.125905874901085 0.291356761873098 0.29814380331684 0.0660263293746758 0.154750382118826 0.0575481957488193 0.0762277452806637 0.0904308443160686 0.288619857963348 0.353930226879488 0.210161456516181 0 0.129362195023618 0.320098125994854 0 0.20376780542499 0.268294663984466 0.247853196416195 0.163229936309701 0.169878054002077 0.291311823365941 0.138067066444686 0 0.307822990195701 0.283521852994477 0.0724982044889257 0.228436199528648 0 0 0.17546513961158 0.0409173802478359 0 0.0456008533448634 0.0222758830627887 0 0 0 0 0 0 0 0.135695108318024 0 0 0.0599497807724169 0 0.263028068387018 0 0.144750671049691 0 0 0.0976718234544214 0 0.166803435962954 0.133070086754629 0 0 0.121721697847405 0 0 0 0 0 0.216479266537765 0.368148869320431 0.0448758248074265 0 0 0.00449829662834489 0 0.0786917788340403 0.00228371885348139 0 0 0 0 0 0 0 0 0.171135566576216 0 0 0 0.0534727455881188 0 0 0.0160788877205661 0.121781321016192 0.130818201858052 0 0.169263449942031 0.114045951136065 0.0188682881384165
0.18019121642544 0.23791279878096 0.228397509380567 0.0807830944697971 1 0.521927368757616 0.549926179012236 0.0289992440499265 0.13545336227303 0.34470765044466 0.311156534445459 0 0.300230997439684 0.13218146422339 0.0158048385007613 0.508709321743233 0.0983991695250981 0.145260701989734 0.692618632814791 0 0 0.44444097801774 0.518235492689833 0.168989857598652 0 0.218394989017166 0.721766569653689 0.775901670878739 0.550657957777671 0.07805156970333 0.378596142211576 0.211949462084876 0.268382485379691 0.278796300722393 0 0.116497358349849 0 0.143766131095337 0.13087564906924 0.136807151118605 0 0.12853534154113 0.00192300323677773 0.160346910938511 0.226501701990005 0 0.21203516780511 0 0.178979574320345 0.237096665720139 0 0.00285890671110612 0.433627748849695 0.0682094853588621 0.035158220069943 0.188255082973915 0.0255756374974042 0.0479621406311655 0.108968530983712 0.324632313612125 0.0683711664180518 0 0.0864394892867343 0 0 0.025468056302839 0 0 0.146497990475518 0 0 0.0588469732259596 0.112209230579794 0.182923435420504 0 0 0.0843546917421244 0 0 0.162605589292909 0.262181202504064 0.135554213952661 0.218722373494346 0.18348436629832 0.0240526041782112 0.106392631655799 0.0910855323698954 0.153842571916947 0.0627753709462823 0.236441292263605 0.110141091981326 0.0850191215303909 0 0.185878736920269 0 0.0889762628009914 0.0303183074444023 0.166741894821586 0.334755370224553 0.0216212214881454 0 0.2678668292185 0 0.269532623538075 0 0.176706396151877 0.145986138303817 0 0.163253591219638 0 0.0482539955487711 0 0.032399855757453 0 0.0189251614818632 0 0 0 0.0876320584865981 0.0248796093436267 0.0450719054848113 0 0 0.117350384229518 0 0 0 0.109663887328984 0.00593307471558977 0 0.109670781965654 0 0 0 0.0679774203282656 0.0712722744166905 0 0 0 0 0.00782943249382666 0.122978387803045 0.0539606490710801 0 0 0.140001124070622 0 0 0 0.0497307351577434 0 0 0 0 0 0 0.197313350466304 0.196660670520408 0.138370710114396 0 0.0537020020536897 0.00669916458349274 0 0 0.0262229500531778 0.106815618930522 0 0 0 0 0.124353326281851 0.120155336370606 0.00612529422226019 0 0.218117076356629 0.150247894835001 0.130896752731415 0 0.0310784518445489 0 0.191829511492414 0.0700987251197543 0 0 0.0929689064028101 0.176344020744146 0.200587809384668 0.315749615052686 0.408297275829995 0.0248227954320661 0.239274311006144 0 0 0 0.107595760804987 0.0595712477079547 0.14494855736192 0 0.143172223744212 0.0730776428215691 0.0366498973085768 0.0900081613422823 0.0222042227531122 0 0 0.0420310933925814 0 0 0 0 0 0 0.265019012077551 0 0 0 0 0 0 0 0.205973764807759 0.0586924152204131 0 0 0 0 0 0 0.127122129780972 0 0.287517161329453 0.125200000921644 0 0 0 0 0.109620247899873 0.244933330997879 0 0.0697010643814502 0 0 0 0 0 0 0 0.128410006928906 0.232583460995722 0.175085845567812 0.0360650322186619 0 0.0219413323358874 0.149334614097083 0 0 0 0 0 0 0 0 0 0 0 0.210567803551878 0.0404954663301497 0.0194973303634061 0 0 0 0
0.154191824805194 0 0.118090046285816 0 0.521927368757616 1 0.658077494885171 0.279058708493801 0.311343494233026 0.425816730988492 0.488388891785416 0.0789716853711196 0.245823847134063 0.28878556370257 0.348183613083207 0.41074421844517 0.251381992109155 0.209789953436468 0.485087082381869 0.213502608434654 0.106904333303908 0.395335792979876 0.500908674369303 0.379067632043788 0.203260417466396 0.359532399409369 0.32486610288511 0.266518757600539 0.481872759138184 0 0.0960108393000478 0.178400523754528 0.144991644031709 0.0796019502061129 0 0 0 0.190193703550984 0.098461790053819 0.0283963209269579 0 0.144572980753409 0 0.0533154425569655 0.015196535646023 0 0 0 0.171340374798553 0.233607065137158 0 0 0.234585690937767 0 0.070047524233519 0.166757781841693 0 0 0 0.230500493160972 0 0 0 0 0 0.226199587891395 0 0 0 0 0 0 0 0.0988352692481996 0.0641534195088225 0 0 0.0682812494855459 0 0.0702365636702552 0.0659070432892152 0.0958270870343888 0.073324826544686 0 0 0.0901511832537414 0.0227743642948706 0 0 0.186149868188525 0 0 0 0 0 0 0 0.0702486893629631 0.0381999780737101 0.159511268268627 0 0.0707245239053479 0 0.0198016773315114 0 0.0898436849065281 0.0316630522339007 0 0.0659079894969057 0 0 0 0 0 0 0 0 0 0.131926289648124 0.118330067403006 0.106208638307367 0 0 0.0603688743957127 0 0 0 0.0599047562570161 0 0 0.0177135324619739 0 0 0.00885875476677299 0.0224109409585993 0.142813972056652 0 0 0.0733640485010761 0 0 0.187538653411392 0.0864679374365437 0 0.0958875948122472 0.244522720258079 0 0 0.0518564064427983 0.206282064849334 0 0 0 0 0 0 0.0562638031857079 0.0955651755203604 0 0 0 0.115802664293866 0 0 0 0 0.0905557825709102 0 0 0 0.058142080635319 0 0.063114366278023 0 0 0.0814409700742273 0.11493770380324 0 0 0 0 0.0355607562499908 0 0 0.0329167982532721 0.0762117981031507 0.0431980875121689 0.175404425948276 0.13829904069799 0 0.0496635356127073 0 0 0 0 0 0 0 0.11164825562295 0.138467616661712 0.0333691809191237 0.0127979096620589 0.0329906833146734 0 0 0 0 0 0 0 0 0 0.441805493055718 0 0 0 0 0.00433128588291087 0 0 0.0758480504801346 0.0864262619615492 0 0 0 0 0 0 0.0770209085240719 0 0.266659845074348 0 0 0 0 0 0.131923661986535 0.183641758616094 0 0.0236336841172701 0 0 0 0 0.0933844254473742 0.0912238192070037 0 0.0142914769723089 0.152355127689116 0 0.134419786409433 0.113380040799354 0.088191734411714 0.210806043645769 0 0 0 0 0 0.0479816318127093 0 0 0 0 0 0.150361951938625 0.0193551420877841 0 0 0.0408761728733684 0.0103053688878076 0.126135529289057
0.086232609748753 0.290738383208145 0.246642581294737 0 0.549926179012236 0.658077494885171 1 0.227961504514562 0.00362569083112992 0.575168420101795 0.374452797806274 0 0.203070286705613 0.0381683027770046 0.0942347785935966 0.372580005557167 0.156197088005338 0.0164723415434966 0.560633789451938 0.0383607361479903 0 0.373204997658765 0.341897207352349 0.0833110667526587 0.0237948977661819 0.30414536000712 0.587072255489806 0.474320585902703 0.485238569490987 0 0.297575515454478 0.260675615812631 0.281234110775458 0.210367919877845 0.0412614026791678 0 0 0 0 0.0873708205060495 0 0.0922155112931261 0.154266559315434 0.00312835360657754 0.0779121465136971 0 0 0 0.246005591744577 0.376162970654222 0 0 0.299190775434474 0 0.056998430533343 0.016104095100158 0 0 0.0589420527780256 0.317799732874819 0 0 0.0467737787911017 0 0 0.206473614368165 0 0 0.0848996598722632 0 0 0 0.116004660595197 0.248816455938264 0.133086933826709 0 0.0162534786033325 0.0916764536229834 0 0.145669153072019 0.161992868443027 0.0961393182326129 0.091698562535566 0.0312692678188527 0 0.0134497513337383 0.216102156229283 0.142064748750993 0.0146875839867596 0.130098288088244 0.0997138185149283 0 0 0 0 0 0 0.029791374349771 0.330708389619097 0.0382735989180244 0 0.0914923313663004 0 0.12008192630046 0.0585871545759768 0.163010148266117 0.154999102682924 0 0.0469431020621231 0 0 0 0 0 0 0 0 0 0.0550256008468697 0 0.290126545906756 0 0.115083848079699 0.104752839303271 0.00308390449044611 0 0 0 0 0 0 0 0 0 0 0.0998602586494639 0 0 0 0.00732438753746203 0.0548416698645172 0.178605583985052 0 0 0 0.0840751456887897 0 0 0 0 0.0134473675099156 0 0 0 0 0 0.104327036213544 0.277414185921469 0 0 0.0154322515194288 0.0426960717759543 0 0 0 0 0.11232922768705 0 0.142329234391081 0 0.220201350756311 0.107443499804958 0.0855825234220291 0 0.0631564961839156 0.189317447300495 0.108560932061893 0 0 0 0.0818943472799286 0.073744649269337 0 0 0.147778054808062 0.245816112656446 0.108655757617111 0.320745304526209 0.204298406201981 0 0.0208142323894724 0.0676870025904587 0 0 0.0844116970240015 0 0 0 0.329156884628893 0.140774351052357 0.0343684430580423 0.0878919392691439 0.0105304988263706 0 0 0.0887063159059977 0 0 0 0 0.0477028415572313 0 0.327492626317363 0 0 0 0 0 0 0 0.103761608922192 0.0926427804511447 0 0 0 0 0 0 0 0 0.110616918359155 0.0485534280067356 0 0 0 0 0.22645744446141 0.177644535661526 0 0 0 0 0 0 0.00610939876351609 0 0.0456576322171119 0.159751851987028 0.164533455107853 0.0206399962960093 0 0.0177870060592433 0.0495286759715332 0.214789817007459 0 0 0 0 0 0 0 0 0 0 0 0 0 0.00103630062723168 0 0 0.0350867189462834 0
0 0.195597385003105 0 0.163571087262323 0.0289992440499265 0.279058708493801 0.227961504514562 1 0.408966846159139 0.0104685475315941 0.284132144978505 0.569717948805909 0.183830012580969 0.624060443415392 0.717882888196447 0.035573994768948 0.170673328028536 0.390006350321526 0.0966375060063516 0.359938620544578 0.637081402369806 0.207246170782602 0.18747672797607 0.335661390762838 0.630538736203946 0 0.0100681458388222 0.0171692927447528 0.240939433579676 0.136293447099386 0 0.150883363586087 0.0422355235847844 0 0.0776990391397167 0.174412107664618 0.222744638809724 0.243058554499026 0.0816483620296574 0.123534448284247 0 0.33598153672767 0.275243949064005 0.181301027267467 0.0314064108336542 0 0.0420563740939795 0.12257209220705 0.119885132932545 0.18420379179309 0.145527227778611 0 0.0666924432887917 0 0 0.297315459174184 0 0 0.0171448703163558 0 0.0348737311554918 0 0 0 0 0.236117499778975 0.0231860959086175 0 0 0 0 0 0 0 0.141046521006637 0 0.0427112988382527 0 0.0445233473912747 0.153840497111883 0 0 0 0.0131489647424969 0.0589032304416003 0.127491048149892 0.018064775220657 0.109954265129142 0.0879317944842472 0.0273696067518369 0.00772394590120732 0 0 0.174785017567173 0 0.00951674299801517 0.0251784316439889 0.0692692082243313 0.264044244227817 0.112059610271716 0 0 0 0 0 0.148387152137142 0 0.0509257948143429 0 0 0 0 0 0 0 0 0 0 0 0 0.108721995179421 0 0.0463331513741305 0 0.0424726831369942 0 0 0 0 0 0 0 0 0 0 0.369511198387246 0.189386950843931 0.0333351855961018 0.0599144629556624 0 0 0.241526977594475 0 0.0916259754202211 0.16948163469297 0.190664145127973 0.259708185448292 0 0.0482524266126737 0.157198138375228 0 0 0 0 0 0.0813497364359154 0.0118034744953452 0.0713091161530242 0 0 0 0.0959224864739572 0 0 0 0 0.323038848128976 0.0570286819213912 0 0 0.00507760588749157 0 0 0 0.025657165488988 0.0889783392805298 0.10807473807765 0 0 0.0274989137154332 0.0599358370988567 0 0 0.113470066777305 0.0575395600609871 0.184339419006492 0.198712464969085 0.231534092219891 0.195470947920461 0 0 0.248321175957166 0.10255678817331 0.0754509521085403 0.0978959046182617 0.0343732408329852 0 0.0154384145376535 0.266133371636836 0.123746310082203 0 0.0159500885966751 0.131073630226372 0 0.00265611081404933 0.118393359999758 0.0658306212005039 0 0 0 0.110385673128875 0.0324997232577102 0.284047966300338 0 0 0 0 0.0454986334379424 0 0.022079899094698 0 0.0112960327725833 0.0289830252440825 0 0.213006359000867 0.0222806224162642 0 0 0.0162651663259972 0 0 0.0223675682691932 0.0214998053372798 0 0.0957884660326761 0.00501980175901137 0 0 0 0 0 0.104825401675379 0.0183277530365712 0.0227957912746722 0 0 0.16846016099939 0 0 0.106597640470848 0 0 0 0.0419809605216692 0 0 0 0 0 0.236577867595756 0 0 0 0.0236439719733713 0 0.12029867176794 0.0687186600915746 0 0 0.155672924283846 0.0159170822122543 0.0505022591423301
0 0.0339047425383827 0 0.317434688855529 0.13545336227303 0.311343494233026 0.00362569083112992 0.408966846159139 1 0 0.323121165962346 0.277522105720051 0.614389394174345 0.818036017583368 0.474150158356763 0.452944314670021 0.419635788690615 0.536411159631227 0.190635771549856 0.684439359357851 0.480083205913525 0.445772442889617 0.190127788296193 0.868997734021743 0.355893720504359 0 0.000230508530999299 0.173605346979385 0.579982428843637 0.431214441976197 0 0.0405261675926578 0 0 0.0433709089693355 0.191023949294473 0.155703892773095 0.442320670539265 0.11310958091872 0.0154422520227104 0 0.292079102534778 0.142638366573696 0.142178495621009 0 0 0.0883666416772347 0.174677638408153 0 0.178434706272679 0 0 0.289292477475814 0.046301783880131 0 0.51130003297902 0 0.0757304416221639 0 0 0.254057408292896 0 0 0 0 0 0.0159223595651728 0 0 0 0.00389064160956009 0 0 0.0762022768412161 0 0 0 0 0 0 0 0 0.161517584217985 0 0 0 0.0147507758084401 0.0534396555758524 0 0 0 0 0 0.0480740182442912 0 0.0163314335161782 0.109378588612315 0.138891648882821 0.196173912494706 0.252245264731822 0 0 0 0 0 0.15103231384619 0 0 0.15294726110671 0 0 0 0 0 0 0 0 0 0 0 0.123337419058609 0 0 0 0.0344488641706326 0 0.134238082954168 0.207522107049785 0.259044354309025 0 0.130289495247348 0.206742606927218 0 0.123685575934943 0.183740054295615 0.0657468805456912 0 0.364922966629179 0.373805650717965 0 0 0.0928148708268798 0 0 0.205449445237231 0.253238851949547 0.0185450326254252 0 0.0317894624448133 0.340292635505243 0 0.0106211868100137 0.113507508394011 0 0 0 0 0.0544898781138458 0.0293730817587609 0 0 0.0832539149149157 0 0 0.0617821591939437 0 0.149444169717866 0.169987623528961 0 0.13188002973886 0.193814648440242 0 0.131943181540958 0.142985245126201 0 0 0.161336182145273 0.140672949597819 0 0.0872121634720601 0.17717040269377 0.0988240160502627 0 0 0 0 0.235781436544581 0.242050109141105 0.241647373868084 0 0.242587829222951 0.118468119395535 0 0.197641826884119 0.0807796900721896 0.124106564825477 0.0122304898693739 0 0.238267707508114 0.0963421210005479 0 0 0.212460300708053 0 0.0375219618910103 0.0768237252502059 0.0100436844080166 0.0354801030918849 0 0 0.102197974421556 0.0369315479295838 0.0256405248060068 0 0 0 0 0 0 0 0 0 0.0412470309966475 0 0.453265541270886 0.219903790532883 0.135527905825744 0 0.0889892030001027 0 0.0831102733496696 0.263989784880847 0 0 0 0.0841570214994375 0 0 0 0 0 0.0451099273464983 0.0916165340766482 0.101924521015874 0 0.155423787829603 0.205400950458259 0 0 0 0.0789498076062509 0 0 0.0848071009451754 0 0 0 0 0 0.0563475394659504 0 0 0 0 0 0.087706910318337 0.129724294652874 0 0 0.0529281594444319 0 0
0.32242203367764 0.128191223565685 0.05395105700104 0 0.34470765044466 0.425816730988492 0.575168420101795 0.0104685475315941 0 1 0.131926839490901 0 0.127770617227616 0 0 0.152620280197801 0 0 0.373039841289312 0.208793399611747 0.0989699719166669 0.144110747327182 0.342053291218812 0 0 0.708524899464473 0.39297427848603 0.326841571766575 0.196336824735276 0 0.057457016867176 0.0245367306697462 0.0067441902904486 0.0267265129459001 0 0 0 0.0443033443792205 0 0 0 0 0.00855244299537461 0 0 0 0 0 0 0.216366524808087 0 0 0.0654364506150528 0 0 0 0 0 0 0 0 0 0 0.0158944181028441 0 0 0 0 0 0.0076294305882111 0 0 0.0951878558262489 0.119678597564427 0 0 0 0 0 0 0.0295656978090714 0 0.0686719873594736 0 0 0.0253537422901174 0 0 0 0.0454501665433714 0.0359517531712902 0 0 0 0 0 0 0 0.219745684832456 0.0389488226987464 0.0287188848571963 0 0 0.00102227074313167 0.0640344173357315 0.0691286660388571 0.0437673351729102 0 0.0506447804793673 0 0 0 0 0.065335866845849 0.00827562923781662 0 0 0 0.104575828514461 0.0400465476311173 0 0 0 0.114609592700543 0 0 0 0.131421714973654 0 0 0.0973549007524367 0 0 0.0106143304640968 0 0 0 0 0.0390090955819579 0 0.0458902066565055 0.0705923297189414 0.00601141187962214 0 0.00496171792362866 0.0907513519916802 0 0.00309388776017164 0 0.151320049401222 0 0 0.0297209933388007 0 0 0 0 0 0 0 0 0 0.0544626236622282 0 0 0 0 0 0 0 0.0614708215355662 0 0 0 0 0.145139330904264 0 0 0 0 0 0.0627292299366121 0 0 0 0.0202391355044678 0 0 0.112390069836639 0 0.0969043360813423 0 0 0.00397981009231273 0.0553785678582031 0.0309965524961098 0 0 0.127914103929307 0.102361113527018 0 0.0170876114414271 0.026723357012643 0.0138758384795108 0 0 0 0 0 0 0.0324982467422167 0.00242478916820468 0.122758286957365 0 0 0 0 0 0 0 0.0546176294136842 0.320112725941429 0 0.0302869543753572 0 0.0498251960233314 0 0 0 0 0.391794037974829 0 0 0 0 0 0.260975320217273 0.112733000666016 0.0227903228761419 0 0.0267811799087329 0 0 0 0 0 0.0351067638705828 0.0510793191502204 0.0795135379705147 0 0 0.0703858787754673 0.0687315836636927 0.0460940982381446 0 0 0 0 0 0 0 0 0 0 0 0 0 0 0.0156488139676487 0 0 0
0 0.201677266056813 0 0.114112508165144 0.311156534445459 0.488388891785416 0.374452797806274 0.284132144978505 0.323121165962346 0.131926839490901 1 0.267774715826353 0.380438851274757 0.257617531807177 0.506978599710502 0.52986090326929 0.370463600647339 0.324406203506113 0.359410786858022 0.337775255322969 0.109090575619619 0.483585900991812 0.412857293149537 0.43107448684379 0.243455201338895 0.0395907247390052 0.272670641605226 0.263370526028009 0.444195167277901 0.102599464016495 0.0418809286347624 0.10497339217453 0.0561815732347931 0 0 0.154908586034354 0 0.218928983572242 0.0808228016860665 0.12484450469433 0 0.278213623576853 0.113860247456511 0.0514127519472379 0 0 0 0.0268523040886706 0.0836851986294534 0.101297482744372 0 0 0.211516226439737 0 0 0.104713568731201 0 0 0 0 0 0 0 0 0 0.186315635795509 0 0 0 0 0 0 0 0.121344816146686 0 0 0 0 0 0.0342557368988985 0 0 0 0 0 0.0230785176075005 0.000226996243787552 0 0 0 0.0333629889448911 0 0 0 0 0 0.0238074703159489 0.0840629682390546 0.244724123075332 0.177153646443249 0 0 0 0 0 0 0 0.111226812697302 0.244155966235253 0 0 0 0 0 0 0 0 0 0 0 0 0 0 0 0 0 0 0.05925613281271 0 0 0.132827505194799 0 0 0.12789032525558 0.103328916941747 0 0 0.00259578459145526 0 0 0 0.0942812841049885 0 0 0.0239647166186796 0.169204406712856 0.0441454947519951 0 0 0.124048031518587 0.0313295057794206 0 0 0 0 0 0.022878872647849 0.0595665468484701 0 0 0 0 0 0 0 0 0 0 0.0928984147611589 0 0 0 0.0959039228766917 0 0 0 0 0 0 0.015713041804886 0.0636198175051117 0 0 0.0185446620570197 0 0 0.0505491922800736 0 0 0 0.170255286107812 0.165851981393737 0 0.119111882461054 0 0.100202191593119 0 0 0.00221584234460639 0.0620798937758187 0.0875323002670193 0.00833112251728733 0.0596981012983724 0 0 0 0 0 0.00250521183579308 0 0.0624089666270131 0 0.238996734054499 0 0 0 0 0 0 0.12578176532137 0 0 0 0 0.0237314279745839 0 0 0 0.0923750703078363 0 0 0.000612978088591952 0 0 0 0.0351800485919025 0.109970866108992 0.106007760164853 0 0 0 0.0623286481284775 0 0 0.334847761667031 0 0.0978555555216917 0 0 0 0 0 0.114006680856943 0.0654265508261837 0 0 0 0 0 0.0920272082768676 0 0 0 0 0 0.160873367508709 0.159856005119464 0 0 0.207367474442857 0.101722728424034 0
0 0.0483582190576666 0 0.202069434715697 0 0.0789716853711197 0 0.569717948805909 0.277522105720051 0 0.267774715826353 1 0.217202241918881 0.398139361596729 0.569345014951754 0.0943114663798294 0.291827660870613 0.345885138860432 0.0908919939885816 0.330647539167449 0.47237208861246 0.180623555743939 0.367965382608795 0.349964413022191 0.837010935525106 0 0.104737053756294 0.14549172364705 0.105843318602674 0.377914385189244 0.113719345121131 0.164928254775191 0.143985444548617 0.0384017769050048 0.0680003803790666 0.371507748466856 0.215814209985715 0.342458464415506 0.336098248163089 0.258668664751396 0.00469031055593863 0.454157741035534 0.123117328937261 0.373280879123444 0.0542719780600894 0.102083051079064 0.165152494219584 0.0682953611437301 0.0389482741559989 0.0159144210255655 0.293619469152333 0.115107234368562 0.00562561583394368 0.0783740921017467 0.0195654272027883 0.184221312748858 0 0.288387636621489 0.196377045120595 0 0.30920491459675 0 0 0 0.0108836205300204 0.207880608341786 0 0 0 0.113403211203817 0.211915749175533 0 0.031659670490013 0 0.015450104691735 0.0787290189953482 0.0183883387669166 0.0561163510481639 0.130600826642979 0 0 0 0 0 0.140130237646952 0.280832089917805 0.220057568514721 0 0.188527414126986 0.00427236905143371 0 0.111877553139276 0 0.233533946695524 0 0.0474898414963806 0.0733896445008161 0.116702374784669 0.167147195568203 0 0 0 0 0.0622751540853351 0.0259541919650514 0.139997889259938 0 0.175835003536421 0 0.0362568423338625 0 0 0 0.0420174071611444 0.0145605616588023 0 0.0572429392958636 0.265014227626052 0.0273742798955436 0 0 0 0 0 0 0.113484964692571 0.160645515735761 0 0 0 0.0584180385387476 0.17115671197343 0.0611381128397939 0 0 0.265547166405237 0.299460476046872 0.1297574259422 0.100283400450459 0.0540505666431284 0 0.00506083470756742 0 0.224324319251123 0.2058184696643 0.0947008240871222 0.308254360267458 0 0 0.0860843883725799 0.012872500142819 0.12440121004521 0 0 0.0679275368835963 0.173243851977055 0.198769424875232 0.106236503567419 0.326282879685914 0 0.121452085210192 0.277968150940308 0 0 0.201739150379855 0.141308663271429 0.273700618158838 0.154107356051521 0.0361480846362173 0.246041047674468 0 0.04221947382309 0.15465779384008 0.00708197488096697 0.0140675461021468 0.0545299749071627 0.0672211170555286 0.128918544539665 0.0777806819891082 0.151056366994386 0.0348473785457188 0 0 0.250857012837584 0 0 0.0591908870462446 0 0.00896702796187482 0 0 0.0044714560969656 0.0634548951363575 0 0 0 0.00924957851255249 0 0.0999918883757853 0.22727696112703 0 0.174450212675436 0.15035228642446 0.0819256454496733 0.113129122056676 0.0316314996533328 0.165867577928496 0.05517053492181 0.0973117182143644 0.0220364973333457 0.113963441137801 0.109047501793568 0.188983296365492 0.10862523453907 0.197356352424786 0.15876837027706 0.151175145249735 0.18384366530521 0.219199265976736 0.272257822689353 0.0011457897825069 0.124307429615373 0.257405536895241 0.0379055088675048 0.291949533103141 0.240008285064877 0.243327258279689 0.00351576838904098 0.130990740761695 0.124811942799621 0 0.168372802397011 0.0165086422609713 0 0.375712246755086 0.190174859478651 0 0 0 0 0 0.105219791565257 0.125238291311122 0.129546165584194 0 0 0.145108215584072 0.0830578401870298 0 0 0 0 0 0 0 0 0.0277509413712209 0 0.132217628803843 0.106282330601176 0.100269751719744 0 0.137391696194953 0.262822733129763 0.120855012374094 0.281063034240587 0.2698123109044 0.163851990832849 0 0.332932891696131 0.307070017976891 0.267992795079948
0 0.130986376519517 0 0.110949572773489 0.300230997439684 0.245823847134063 0.203070286705613 0.183830012580969 0.614389394174345 0.127770617227616 0.380438851274757 0.217202241918881 1 0.390509279646409 0.345669788389068 0.718643735776489 0.201987054001014 0.664174082036113 0.409508258406041 0.563108015507819 0.236469454886892 0.700844531171909 0.330563529678292 0.575492090761158 0.282107464287888 0.126697019087226 0.346347032264057 0.441628079355223 0.635647864493955 0.302761098269873 0.18934417719265 0.0129359405792257 0.0638671908864297 0.0196556417576264 0 0.0609118578476357 0.0753608658078406 0.355928363393866 0.00453292994114162 0 0 0.132417987358551 0.0162344945540654 0.0855797441204858 0 0 0 0 0 0.249500638303604 0 0 0.319519394102516 0 0 0.331537008178622 0 0 0 0 0.0585337265483395 0 0 0 0.0125129744322119 0 0 0 0 0.00801095639441341 0 0.100220155885193 0.211741270228259 0.253696939662773 0.0255894599624925 0 0.0532349591223802 0 0.0255024857853282 0.132728700323165 0.133493325402436 0 0.180652021933282 0 0 0.0447496948617102 0.185500089468151 0.106486287950786 0 0 0.209111144155045 0.0606458456515462 0 0.13790925534765 0 0.0270202000111065 0.0437178715367798 0.170077790134173 0.24575259961024 0.158869519251773 0.0441670489621657 0 0 0.0755063899526136 0 0.100534095967994 0 0.00665551749271542 0.180756741449878 0 0 0 0 0 0 0 0 0 0 0 0.208650578600907 0 0.0339672380517195 0 0.130164886851816 0 0.112972397946176 0.311269007413622 0.0811545447350367 0.0175323605552626 0.240151518758697 0.114489763255218 0.0144951793329814 0.122778841144539 0.18190598410801 0 0 0.160797104359886 0.248140134724353 0 0 0.175236534034135 0.0713836026643727 0 0.120634050369272 0.350879735737485 0 0 0.122382065304929 0.326931985525941 0 0 0.14661349186126 0 0 0 0 0.0605132985967738 0 0 0 0.0171196581976839 0 0 0 0 0 0 0 0.158678068969253 0.180352868840843 0 0.120661792315543 0.122287751439174 0.0188684265512108 0.071095703780856 0 0 0 0 0.124220457268706 0.115087502804089 0 0 0 0 0.0139209139613409 0.0232754440005871 0.107335984932232 0 0.343103068720191 0 0 0.038238445469425 0 0.0292714859209903 0 0 0.119879039222057 0 0 0.0351477350399066 0.088607607757955 0 0 0 0 0 0 0 0.00631194404991976 0 0.0631444597240002 0 0 0 0 0 0 0 0 0.12027506076789 0 0.0289964246297762 0.172617408461266 0.223668002358556 0.113381707006586 0 0.128219200981583 0 0.187012404222415 0.260316651592935 0 0 0 0 0 0 0 0 0 0.107925574081501 0 0.149404923456291 0 0.118648775992291 0.191226112924679 0 0.101853429244358 0.00403306580190704 0 0 0 0.1549193838395 0 0 0 0 0 0 0 0 0 0 0 0.160075971240049 0.108428815727922 0.102694203206917 0 0.0221004091213829 0.0985921458747476 0
0 0.040335726201315 0 0.234097672876048 0.13218146422339 0.28878556370257 0.0381683027770046 0.624060443415392 0.818036017583368 0 0.257617531807177 0.398139361596729 0.390509279646409 1 0.541062722238694 0.223741390268025 0.33761673530182 0.461970124576089 0.184181003048126 0.531724744277351 0.565562876491746 0.282056100312396 0.228620173610495 0.707308045852925 0.450391555357755 0.00189845570388477 0.00794057099713562 0.12411644970285 0.493487375474299 0.41275992733237 0 0.117538332999352 0 0 0.0182026904341903 0.106816399159899 0.252551023191226 0.353150539817546 0 0.0224853631923107 0 0.239022884043921 0.103759144143523 0.175336294011666 0 0 0.12244635492097 0.0997931604697957 0 0.145064158885446 0.0318346001601986 0 0.283835124733466 0.0319587974261685 0 0.536339383463681 0 0.120401358488998 0 0 0.346858054565316 0 0 0 0 0 0 0 0 0 0.00428363746488249 0.0219644829591701 0 0.123235367965031 0.0863912567368419 0 0 0 0 0.0676821608786538 0.0293278857092892 0 0.193114045408209 0 0 0.0394278626903767 0 0.0780250877299681 0 0 0 0 0 0.102218675174381 0 0.108607994298089 0.0696375277162089 0.126388859268768 0.28246609061383 0.17545345985161 0 0 0 0 0 0.222313307994527 0 0.022860615961262 0 0 0 0 0 0 0 0 0 0 0 0 0.112430781931454 0 0 0 0.0337227578847103 0 0.103597329562728 0.135288156674376 0.181301963344092 0 0.121017355744675 0.126244673904518 0.00537990755039212 0.0824492494323761 0.112641778863863 0.201597796339724 0.107298802400856 0.260994552580808 0.294683064609958 0 0 0.167286962750596 0 0.0560879241415514 0.190450656822409 0.223706005399651 0.106296193874086 0 0.0422930192748386 0.274108670961755 0 0 0.0345513687564989 0 0 0 0 0.0475858588485799 0.00374266927257527 0 0 0.146766765195002 0 0 0.0355331659449016 0 0.122074212492856 0.0700653940216217 0 0.106064392147524 0.150633306554225 0 0.157613352984112 0.0590978507354704 0.0454406468944067 0.108928766750337 0.0767394584618449 0.11749162651412 0.0516169101994013 0 0.0728555680647746 0.00675997085851388 0 0 0 0 0.208105887380164 0.195619821052132 0.248552279197351 0 0.0323428969820445 0.120790539805398 0 0.075272210677554 0 0 0.112839727015271 0.0108690931740509 0.237964991866182 0.135806215601095 0 0 0.256471985002624 0 0.0703484571273465 0.196248812816181 0 0 0 0 0.0887912429896605 0.0861708807392678 0.132268729960033 0 0 0 0 0 0 0 0 0 0.1147246841607 0 0.431630595095642 0.194830166385534 0.0647271354875099 0 0 0 0.109312736476832 0.134786437398614 0.0667750461210552 0 0.0246642620054593 0.052797599602894 0 0 0 0 0 0.0419064165557713 0.0862484947309922 8.8891625310656e-05 0 0.0668715025621557 0.236862600250928 0 0.0150958858150798 0.00865336902168005 0 0 0 0.00534655360623105 0 0 0 0 0 0.08332319195102 0 0 0 0.0189977786707248 0 0.080292992021838 0.0880260940491889 0 0 0.0371996116188184 0 0
