1 0.219028962622542 0 0.25017904655313 0.248772937331663 0.295979409678028 0.248187707797036 0.371302323555307 0.300729770342881 0.285493483853159 0.364205858248192 0.45383049549398 0.393739073857839 0.514802090807825 0.361361006849365 0.307847905004349 0.375282103760094 0.598004750997603 0.371848270890054 0.655233718685733 0.489493541780267 0.279296894132636 0.322779867821065 0.280474178890111 0.414318915682889 0.549725366374498 0.349374850368825 0.293049132300118 0 0.300968618328473 0.34452680734736 0.0974145337349719 0.288797087460877 0.298823178463621 0.454409671869393 0 0.0674282738425569 0.214731571131473 0.403290265070338 0.19466358472449 0 0.162866406760224 0 0.128761969058078 0 0.0331348113567522 0 0.0386173696573753 0 0.202405877015767 0.21063884527798 0 0.136501147894099 0.209133636891017 0.192373125450212 0.109226782150433 0.0929244911166134 0.252335439671509 0.24349976809174 0.189261461741338 0.307007113746038 0.0992386634439065 0 0 0 0 0.0512345361931161 0 0 0 0 0 0 0 0 0.0508852302910585 0 0 0 0 0 0.158445274938692 0 0 0 0 0 0 0.0226499393690155 0 0 0 0 0 0 0 0 0 0 0 0.124960284724411 0 0.354765197872036 0.0630179306830764 0 0.0515619519417998 0 0 0 0 0.0871401095402096 0.0389177130659752 0 0 0 0 0 0.202095968285734 0 0 0 0.270883172435694 0.0100106455025885 0.484599317648663 0 0 0.462452076929855 0.0498101912226113 0 0 0.0745013839332917 0.121466272316412 0.194366155608599 0.200595230406525 0.202327794168678 0.331702562417081 0.293748209463485 0.319730086048049 0.304375482000077 0.128598979269283 0.079365533977278 0.167580252109844 0.193046296095902 0.255344125519518 0.16321567142969 0.346813657575639 0.454100262878483 0 0 0.206217885071325 0 0.161932439100817 0 0.0691895726691126 0 0.217700291149639 0 0 0 0 0.040418752302711 0.144895920242137 0 0 0 0 0 0 0 0.279095440982342 0 0 0.0308926895059573 0 0 0 0 0.11188437234572 0 0 0 0.402512877396537 0 0 0.0426103187759761 0 0 0 0 0 0 0.0356510830410842 0 0 0 0 0 0 0 0 0 0 0 0 0 0 0.164141092509149 0 0.105504911509753 0.246091984109581 0 0 0 0 0.360565926415771 0.188445888810958 0.0316368122131699 0 0.225986811162464 0 0 0.640290778743348 0.478059143195603 0.138731199816897 0.395299882545783 0.306762720464963 0.0136759902767453 0.122717551507277 0 0.25505335483681 0.497429421344902 0.215567427727311 0 0 0 0 0 0.0364086479664563 0 0.00598644944647141 0.129809552334221 0.00639450811518592 0 0 0.202095217762083 0.0203061128504818 0.122904957664145 0 0.0146549233585087 0 0 0 0.142880652633596 0.0930585054079356 0 0 0 0 0.13213170481249 0 0 0 0.148303188878057 0.393198434688144 0 0 0.181156758605324 0.00670079955493408 0.16128191065155 0.163657040803586 0 0.0707046180145164
0.219028962622542 1 0.0617312726418837 0.348754003572446 0.378759765791997 0.394736077767754 0.374443293974859 0.158867056604793 0.307102106897852 0.190273122462158 0.514588779496801 0.0592445701946461 0.255736062380977 0.158141846629304 0.39420103856098 0.355303070032827 0.145953797476879 0.255242716852907 0.380023804717627 0.253234277478976 0.298600286869595 0.425082118085454 0.380261309760398 0.282525353731758 0.260295519449301 0.427724116134583 0.327064944556719 0.298331645376487 0.166330361844035 0.0889049769369755 0.0454070010661666 0.118593930182797 0.0892440454525491 0.0692766647859646 0 0 0.153076905330008 0.26898863060555 0.329803143217099 0.276037806473325 0.0633053854393987 0.231180500232928 0.102884868424483 0.0782205625979619 0.0557670286708105 0 0.0449786323345228 0.0506643416685475 0.121145774404472 0.253574726895632 0.228590141689695 0.079668851614861 0.253929191208754 0.223099890377781 0 0.0198489717232002 0.0254221224714436 0.188237376376997 0.125394663830734 0 0.0860336719293959 0.39954215709312 0.0112393057780651 0 0 0 0.169102276755285 0 0 0 0 0 0 0 0.0385435718932352 0 0 0 0 0 0.0722272087349977 0 0 0.0950940331705406 0 0 0 0.085785173025131 0 0 0 0 0 0 0 0 0 0 0 0 0.150209629566852 0 0.167834266134931 0.0582111164806742 0 0.0915231585176531 0.054818977669996 0 0 0 0 0.189860313543083 0 0 0 0 0 0.0408074747345333 0.113471440354778 0 0 0 0 0.0304412094321508 0 0.12447716482485 0.18995431534824 0.0528218888256355 0.0699669126016639 0 0 0.194585036283024 0.233278196656479 0.169856939422664 0.0215539534005718 0.134379343311175 0.171509445094475 0.131687159231175 0.171490127675919 0.137086680369601 0.137709196861504 0.288756063909903 0 0.0531579856622844 0.267142747512661 0.110603367908416 0.12402777241241 0.0505377145060221 0.00970436697923864 0.166072815204845 0.0481646215728225 0.0802481208139963 0.00563410461969369 0.0549806124054065 0.0170336685340779 0.139885205656733 0.0112554637822448 0.118254035419611 0 0 0.19378440844875 0.169431944695716 0 0.182762946830213 0 0 0 0 0.0748839293987048 0 0.159239628995779 0.0689208520008041 0.00836123419139966 0 0 0 0.0098537237692835 0 0 0 0 0.118556222430153 0 0.138796980541966 0.249811270843727 0 0 0 0 0 0 0.0617612899146114 0 0 0 0 0 0 0.077184870429116 0 0.0145696147895877 0.0175142390937733 0.111329813358857 0.0256692913894399 0.0269493530796962 0 0 0 0.113904936476183 0.170836393719506 0 0 0.0737263813429773 0 0 0.222774509038175 0.0514662842798585 0 0.238789468993756 0 0 0.0953495526529511 0.178450428948144 0.0436893016859241 0.124014590429177 0.119648124660139 0 0.0261348024975286 0.0100550533722655 0.111585445475256 0.0301785469230891 0.233506486847853 0.0193003722739786 0.300868330119136 0.0784367072596744 0.0979398071595522 0 0.168855198610071 0 0.35887043023917 0.0519793533198025 0.0354253390178462 0.00878773895735006 0.100074472956118 0.140097481957596 0.0784074688214284 0.0148472078922596 0.0989878378334129 0.0241990712488105 0 0 0.0877117273139521 0.308953137318147 0.205837048452969 0 0.0631784578505472 0.0210979316690883 0.12808274910715 0 0 0 0 0.0342231783804169 0.00707616193918972 0 0 0 0 0 0 0.0198907060767828 0
0 0.0617312726418837 1 0.0277668564395308 0.116552702393752 0.0735955741209579 0.119711529185076 0.0235755218337243 0 0.142370543826453 0.146566220004853 0 0 0 0.111850673953656 0.256891060990296 0.014058999596306 0 0 0 0 0.172663177807793 0 0 0 0 0 0.175567525958521 0.144201923303121 0 0 0.147434534242885 0.165848173658645 0.146977676053586 0.0649039465567914 0 0.0386134031702771 0 0 0.0355520214667844 0.1369308949787 0 0 0.000597728103318531 0 0.211376245544628 0.0737921473919137 0.0568948633206812 0.0118418034770983 0.0809260533690444 0 0.0599382603419741 0.0428925956551677 0 0.0477484587759542 0.182784364432445 0 0 0.187961831448069 0.0907587637728534 0 0.131399487230091 0 0.420440085902863 0 0.225814977246272 0.0324180157352868 0 0 0.0529876677095416 0 0.162027974204676 0 0 0.0784196684501076 0.0119398896188929 0.115008597304355 0.191050450284164 0.0831468145523676 0.0946230572008187 0.0232569568900759 0.0483015008448086 0 0.112195657633859 0 0 0.0352325697545898 0.0457763314743138 0 0.0304234330785948 0 0 0.0895985657660689 0.0759711940739822 0.145739952965762 0 0 0.0542957694512948 0 0.201967814344199 0 0.231117887437535 0 0 0.0621945428082326 0 0 0.219178490233527 0.0746546367473887 0.10627399697097 0.12023819127043 0 0.0501454791459819 0.0410662593846278 0.0489127240928838 0.0427008153697653 0.074318604107341 0 0 0.02098766166359 0.216525011064992 0 0.0515125467316536 0.061214300834306 0.280398278418182 0.0385639903124236 0 0 0 0 0 0.0102173790394792 0 0 0 0 0 0 0 0 0 0 0 0 0 0 0.0170317155458936 0 0.154333359998441 0 0 0 0 0 0 0 0 0 0 0 0 0 0 0 0 0 0.0279913155479786 0 0 0 0 0 0 0 0.0282457728253982 0 0 0 0 0 0 0.0463504696680447 0 0 0.0618980411954653 0.349223917691038 0 0 0.0567523303403481 0.175404727759852 0.258727853691642 0 0 0.0946627054131971 0.109912509680933 0.0366053182858909 0 0.0868968997988039 0 0.0590350824039744 0.0509106080819478 0.142986071075689 0 0.140784661106279 0.106180407132021 0 0 0 0 0.246937078860982 0.087821520990135 0.0165946446926232 0.118322838687974 0.0171160258757583 0 0.0631849487890892 0 0 0 0.0344233251629068 0.151679907031845 0 0 0 0 0 0.0741476801011321 0 0 0.0864884319373387 0 0 0 0.0924106590562845 0.154612443517146 0 0 0 0 0.19872291504664 0.104634561442807 0 0.188976309761342 0.0954860655685221 0.0293611836862466 0.0687908654747464 0.0544376379675459 0.0504824590253781 0.171752035903385 0.143452903974232 0.0269985543668851 0.00584647016712327 0.0780978958769816 0 0 0 0 0 0 0.130438053221702 0.161702190472602 0.12476492499446 0.0567330231525918 0 0.179834387691098 0.173091011689545 0.0432774103057526 0.226641191138623 0 0 0.0798605039146869 0
0.25017904655313 0.348754003572446 0.0277668564395308 1 0.462944437617368 0.323468460625651 0.353813281407503 0.268593878520645 0.225279258449457 0.230207602261816 0.332915438953706 0.0507557348113445 0.21219947904328 0.374435239640938 0.313301884920515 0.368457892310396 0.162682894734431 0.291892701779473 0.511846764321031 0.358503897054534 0.174879070418101 0.246815023572926 0.490764942227978 0.312839794420577 0.188982941388529 0.381613546027044 0.551937886294811 0.409526619143122 0.363606746625864 0.205351687350557 0.303915087879728 0.226183414399651 0.332252292693244 0.360263893468403 0.351504022538586 0.0121428291407229 0.0961953155486422 0.154284489160827 0.393086329380772 0.498137516488624 0 0.297261800682119 0.288292173880792 0.166633446295547 0.00395458009822232 0.0953882327898194 0 0.223161515586479 0.101679882414214 0.333846080822588 0.155332864095701 0.17456276006624 0.188606533025478 0.272341833594808 0.0895965691257837 0.301915869496406 0 0.404159199545373 0.331705860366637 0.326366388884421 0.472054511665352 0.160059822443263 0 0 0 0.0178458292985185 0.1079818148099 0 0 0.000711062214868613 0 0 0 0 0 0 0.0407940807099187 0 0 0.0609544767570457 0 0 0 0.0250608023120855 0.0879995003746895 0.103381561361564 0 0.162071681201015 0 0 0 0 0.119985158981141 0.0202957611590023 0 0 0 0 0 0.0231700390857758 0.123845658876482 0 0.275848955953003 0.160059841722906 0.0249642845829509 0.0465308763704495 0.0616217524604696 0 0 0 0.0503427644733776 0.262813819598305 0.00389178835151023 0 0.0118146193969963 0.0718907669350878 0 0.00932489761762149 0 0 0.0548609383827024 0.257635623726711 0 0 0 0.0418967160734843 0.215289650803084 0.210175897176213 0.0758402633763497 0.123264155795774 0.191273947720582 0.344145788758437 0.314588328227318 0.188777386749413 0.160789183871673 0.346405699998428 0.309854655037632 0.193278046845773 0.291545139604413 0.244861273815035 0.169771097156441 0.191284801064981 0.0603549211969863 0.276729531036412 0.31304569127692 0.293000291753313 0.34275858508932 0.172803580530095 0 0.153246610767073 0.263008785532982 0.276998307518622 0.0355616079311307 0.273155721406419 0.235826228954473 0.376371509406866 0 0.0471275639005329 0 0 0.0180192486569804 0.114195606124954 0 0.0318237489394968 0 0 0 0.0441597112041986 0 0.209158893810894 0 0 0 0 0 0 0 0.154694394058462 0.125761961059681 0 0 0.118956875235466 0 0 0 0 0 0 0 0 0.0511638848139657 0.187830181170996 0.0549505064769527 0 0 0 0 0.0316714138761831 0.149377918929766 0 0 0 0 0.0318820945643941 0 0 0.121135274269633 0 0.0268068849108283 0.1430761674014 0 0 0.108983865028743 0 0.0942710965364068 0.146299020347656 0.291491363804259 0 0.238413718602332 0 0.155702661699562 0.0245218097866714 0.385009221397161 0 0.252294511273756 0.0878067325314919 0 0 0 0.159365704043457 0.220415229039589 0.174207419638517 0 0.026138065198845 0.0978295583105744 0.100208698207748 0.195646182086151 0.336152071648916 0 0.0532399726480138 0.191076067283081 0.171878458773849 0.177445090765905 0.20223227944476 0 0 0 0 0.0432252860790948 0 0 0.154696905361909 0.303945670521637 0.179616358596011 0 0 0 0 0.0184614451026551 0 0 0 0.0779405338389591 0.132306005810276 0 0 0.0775485515703799 0 0.0602262137249494 0.0934473565076636 0 0
0.248772937331663 0.378759765791997 0.116552702393752 0.462944437617368 1 0.589506750839914 0.494782010144587 0.445994232374348 0.376533303323076 0.446384765415212 0.477064157784648 0.44571924041979 0.0734791552654885 0.3707706179007 0.313857857709232 0.635264042736106 0.11644460055802 0.283506329277438 0.715425132610338 0.184089827921296 0.301853639443523 0.34480143598771 0.737051863164174 0.490828159948927 0.373958190609469 0.366633955241252 0.791925722396947 0.791839581630129 0.565890217274123 0.277152651096123 0.388565716333689 0.299052871638046 0.422381497131079 0.375976070221265 0.389269980094312 0 0.140497501658035 0.204078039079278 0.276287370028483 0.191898114400901 0.214620003447792 0.235025136614793 0 0.116246420217822 0 0.0807354022027306 0 0 0.00180924320113587 0.428791382327581 0.338712089206625 0.134677370292301 0.349781193562969 0.206836189846674 0 0.0677642796020665 0.135286510963616 0.371936767548995 0.374441543285318 0.38817691452043 0.443444197596182 0.317087419935745 0 0.266918142260543 0.0185082448906722 0 0.0749747936793696 0 0 0 0.0489022513166815 0.0274921940648777 0 0 0.0508226249989324 0 0.000381668360710184 0.101869979143504 0 0 0 0.000313157836520987 0 0 0.00459485444691148 0.0943387789724172 0 0 0.0484806481855424 0.11884531880435 0.0813236283792891 0 0.0324590861821526 0 0 0 0 0 0 0 0.161059449095969 0 0.250405221747069 0.040127374628817 0 0 0.0123024092964256 0 0 0 0 0.31499041222858 0 0.107570074615434 0 0.0666374868262039 0 0.000667735543080859 0.127927548327116 0.0769136730540466 0 0 0 0 0 0.184209725639454 0.111524014009741 0.0972604654177443 0.0645625266442467 0.126522496087113 0.181675299453822 0.424908327480565 0.420952588970648 0.403903678468839 0.171675598854245 0.384763494324338 0.426898271637069 0.289836176049267 0.28010395483847 0.283268229320728 0.239206194392165 0.00408890726957335 0.0968403182746509 0.457632845019501 0.318487453875985 0.210070989209839 0.393264562141555 0.279858274500279 0 0.0771027883769166 0.399320094336191 0.365139294800077 0 0.380010338062705 0.234636805691015 0.416642155288851 0 0.0850958351510972 0 0 0.158162396856138 0.202584394873789 0 0.189251301689665 0.0629675578989251 0 0 0 0 0.350302334057159 0 0.0378721023852114 0 0 0 0 0.0713580095982442 0.248880705753745 0.0658947695751366 0.118151551279172 0 0 0 0.135438448663781 0.090571016077747 0 0 0 0 0 0 0 0.0280399022752623 0 0 0 0 0 0.0208018560958585 0.0663822676158479 0 0.0457658140220507 0 0.142130578088836 0.18563092524435 0 0.165426963629804 0 0.239600913703962 0.350653195311488 0 0 0.112742640646898 0 0 0.353011701552949 0.269251960663401 0 0.178947929024839 0.0694452216265685 0.0606382536573386 0.00984090679004069 0.381089192732664 0 0.093354611675446 0.183266554084664 0.0277443258537434 0.00875101194066689 0.0551946465885996 0.363389356260544 0.345049411207493 0.152385892872974 0 0.127782882688207 0.269860104986113 0.332951630343722 0.248390893614455 0.365662061889376 0 0.1503319253519 0.0539373806095598 0.223947986017951 0 0.21211356188417 0.183369541113426 0.0119373400981217 0.0503597015092452 0.0918160262203665 0.130577467906801 0 0 0.190800330411058 0.337366029377678 0.160892556616461 0 0.160748718843569 0.179178008255357 0.185850570114022 0 0.0444692959784764 0 0 0.384910686702864 0.258287597701374 0.0665870864797646 0 0.177029698407673 0 0.00337894778719974 0.0172867732589737 0 0
0.295979409678028 0.394736077767754 0.0735955741209579 0.323468460625651 0.589506750839914 1 0.76904078636762 0.564655917068311 0.55381415670461 0.770620740196702 0.797414955108846 0.458722694299151 0.239486101546207 0.395284041601627 0.547002808721059 0.527297055225617 0.136867567876276 0.471960973057235 0.615020678493216 0.438360573017509 0.503427986590884 0.47398090138704 0.739310830486308 0.563500196661446 0.536135587092412 0.614328647775508 0.597323152550344 0.507570548775945 0.313272400565842 0.380197307439689 0.261346673098501 0.17675663141764 0.304209480192113 0.273911839661625 0.290056095754243 0 0.107069090382048 0.269827370298485 0.385807254522127 0.0600290562893506 0.00550746810650814 0.15070920599221 0 0 0 0.0700229577576621 0 0 0 0.0734893191764333 0.269867219853301 0.0904153316521782 0.33106308942186 0.228833935080671 0.103585261589065 0.0938136757451192 0 0.357117354934127 0.341633426480974 0.136439466155713 0.25749581764095 0.274563126158754 0 0.188784080209943 0 0 0.0682230487463082 0 0 0 0 0.140330860426826 0 0 0.0618091912734982 0 0 0 0 0 0 0 0 0.0929808558640036 0 0.0818898382373982 0.0189298364450608 0.0148510673193062 0.0218749902793804 0.197535198566915 0.0319497068391289 0 0.0947141047696275 0 0 0 0 0 0 0 0.128741902876654 0 0.203312234257283 0.0366570155350097 0.0305775397183531 0.130858428753469 0 0 0 0 0 0.0655177288544614 0.0186532614958734 0.0557874218248533 0 0 0 0.118000835399782 0.134360750280858 0 0 0 0 0 0 0.208401337588637 0.309737991202413 0.058330340405796 0 0.107784132044641 0.159853958228858 0.379968234859292 0.384338874710868 0.385831476998836 0.160729863520224 0.562676476459061 0.521187556814611 0.309125970312866 0.366236111412587 0.243712505495516 0.303505505364118 0.135510732371666 0.0422859230659078 0.478827102871363 0.441031952308664 0.130372460689266 0.436005054899942 0.364823231706497 0 0.11277154424043 0.382651139543304 0.237674976950954 0 0.354130581342541 0.322591408013892 0.443837404166122 0 0 0 0 0 0.346371558292125 0 0.102091198227769 0 0 0.0352750319491995 0.0991580519920931 0 0.0715727645021122 0 0.0684337050293504 0 0 0 0 0.152969548758058 0.0195169008260699 0.251165442657006 0.00128529133812091 0 0.0956400486352921 0 0.0207685591930081 0.216195711542184 0 0 0 0 0 0 0 0.0371780382514344 0 0 0 0 0 0.234550329372691 0 0.0052458448686922 0.101757259486766 0 0.0438701854596593 0.126975001687051 0 0.292155708797472 0 0.102808267685985 0.387492883487 0 0 0.203453335392413 0 0 0.230771253655194 0.0248379774013668 0 0.0537200047593549 0 0.0157352287441627 0.199720102109521 0.370271744965123 0 0.166604040187466 0.29079046548238 0 0 0 0.390675219071594 0.280484054351516 0.169206322789864 0 0.0952176288233174 0.19085466310317 0.374444970042076 0.288875920074603 0.59559800808183 0 0.359386233674214 0 0.110537297707541 0 0.251020122967648 0.309858190501157 0.0742069208702738 0.19948770388279 0 0.248939823472128 0 0 0.322292506059513 0.615680858019431 0.439161018102427 0 0.0374521422950186 0.0894254118114907 0.109687502545467 0.0363767655150051 0 0 0 0.334819740303318 0.204005389335285 0 0 0.0518313687276568 0 0.00184043302750281 0.0435675760545672 0.0950181348718752 0
0.248187707797036 0.374443293974859 0.119711529185076 0.353813281407503 0.494782010144587 0.76904078636762 1 0.425341042824123 0.45551883715898 0.735731697217408 0.628117884428275 0.302502524399118 0.239546552650456 0.333463818692113 0.544797665987198 0.46767190326512 0.193627329515558 0.287457672168826 0.590692148425175 0.54577968942805 0.506869255673471 0.4486806998961 0.627600018898081 0.458987546056215 0.51736614938325 0.629802007223212 0.530295169804696 0.464427860783441 0.256547603567577 0.27576018332586 0.245621383031838 0.0932591912348655 0.291873550672059 0.20804251562981 0.280491099917409 0 0 0.166550595580201 0.289612468913231 0.0498875305409355 0.0466166499424867 0.13397873078919 0 0 0 0.0542456249853206 0 0 0 0.196076697131027 0.160811223185329 0.16854045638586 0.256175612383019 0.186053116578185 0.0893079149317826 0.150928534454428 0 0.214536397631354 0.258253626769718 0.0221092014060808 0.231044347133964 0.279961430622706 0 0.1592147370618 0 0 0 0 0 0 0 0.127100644085168 0 0 0.10632791181023 0.0753830870083262 0 0 0.0964427885432328 0 0.0519224684001148 0 0 0.14913043084701 0 0 0 0.0472991965245913 0.0191805340355151 0.0491485005052413 0 0 0.050240968602532 0 0 0 0 0 0 0 0 0 0.120723885794669 0.0249622231816097 0.0611214766213827 0 0 0 0 0 0 0.170948267639536 0 0 0 0 0 0.0540371089707233 0 0 0.0942612903050481 0.100848038089933 0 0.112411727494814 0 0.236199563002456 0.151170456502996 0.296259690895435 0.294312669704084 0.0109799039758324 0.334325329078271 0.485123231700822 0.400567453760711 0.523363871416428 0.421254040948984 0.521354561146513 0.472640649475195 0.394671310499914 0.393361286934265 0.233651979628172 0.422132583876461 0.265608976774177 0.176271377147112 0.485171164279414 0.542542485404177 0.293261679432566 0.595835326010441 0.358632636689462 0 0.297259174468534 0.32577261931956 0.151920768140209 0.139330912259407 0.421743940663084 0.386655460799049 0.476639658052821 0 0 0 0 0 0.136535766299332 0 0.013610912147717 0 0 0 0.127176729750605 0 0.0254609229459701 0 0 0 0 0 0 0 0.0880529874369856 0.200824883287639 0 0 0.223787414084584 0 0 0.143331455254198 0 0 0 0 0 0 0 0 0 0 0 0 0 0.152791667810054 0 0.0418329576037595 0.0794420821610577 0 0 0.116074868305987 0.0253943208699486 0.248817293356847 0 0.0382488256066284 0.383803771524712 0 0 0.258402799277496 0 0.0450201322098094 0.199601816293623 0.0122648510357643 0 0.0604484123426198 0 0 0.198859318844887 0.409789171762256 0 0.211639663839193 0.0670549271052813 0 0 0 0.353532251567896 0.096315315183211 0.150611709277615 0 0.0859588480680151 0.147907806720992 0.334048585450314 0.209607359196426 0.45865548418382 0 0.119515683801451 0.183271421796455 0.00325119040315716 0 0.194240849409466 0.137092659261198 0.00341703740543969 0.0778423194910914 0 0.253547470384673 0 0 0.285856484816196 0.409315441763813 0.149356295773207 0 0.0562675030018467 0.0461632340309136 0 0.0603102586496283 0 0 0 0.270912069739521 0.234138915186558 0 0 0.0345703183486819 0.0130505266704836 0.0323661602695815 0 0 0
0.371302323555307 0.158867056604793 0.0235755218337243 0.268593878520645 0.445994232374348 0.564655917068311 0.425341042824123 1 0.49774900603722 0.467837608493251 0.566311269193224 0.661051250334693 0.107633275235805 0.621096410582338 0.435481961954163 0.431935250501269 0.137178507208328 0.470090491937152 0.456549317619019 0.370554517908635 0.603577880238959 0.318531061636565 0.513068979708094 0.557295007590116 0.580918694686116 0.42795562613026 0.60871479881682 0.490816455401119 0.0822279071353283 0.499208056552606 0.513204966188772 0.164237987195547 0.46310562641623 0.522277135711538 0.51889707073386 0 0.246685228175352 0.142625546951727 0.33595311729445 0.20121052295262 0 0 0 0.138906785033334 0 0.12075535714189 0 0 0 0.0333574440912152 0.0966011072202387 0 0.212066298106046 0.252785678343949 0.0462842761408686 0.309875873368728 0.102598640119067 0.631492327745656 0.441279445666044 0.303741525706372 0.412051612663376 0.0992384831130908 0.112773843357253 0.0524581669032641 0 0 0 0.0912808353238899 0.0702404754589059 0 0.0717317662598813 0 0.029496589487268 0 0.0385610693331955 0.0305429473825486 0 0 0.00148292479661345 0 0.189915506639172 0 0 0 0.124455466739041 0.0213367247549264 0 0 0 0.0692376735484628 0 0 0.0280553737428266 0 0 0 0 0 0.0182372001407407 0 0.0745307542617387 0 0.202866491918622 0.210494418540129 0.242607869792764 0.208693901095626 0.230941886351658 0 0 0 0.0578955709522045 0.0199266892917971 0.189588439295616 0.0319281375388275 0.206370923696118 0 0 0.248480949660565 0 0 0 0.109681447862688 0 0.0981729399665474 0 0 0.198207946213102 0 0 0.0661515467234075 0.0870138597050638 0.141306420514676 0.199527064184571 0.21666649624154 0.156289632326123 0.534454314650827 0.529451941548392 0.0156529502550416 0.211497146130782 0.251267781046933 0.157296326209284 0 0.172462409422451 0.383533445846865 0.222753320953725 0.14696021693992 0.372920097484336 0.130924866511302 0 0 0.369947446328248 0.260284142887093 0 0.207477717677289 0.17071422694667 0.356143158247594 0 0 0 0 0 0.245623124008518 0 0 0 0 0 0.0740478444598134 0 0.207126721425976 0.0300742583246711 0.00487813076330263 0.0619762062264538 0.048353180540708 0 0 0.154620017542826 0.0806117198793707 0.0818310955570092 0.0467621353168341 0 0.0637563249078826 0 0 0 0 0 0 0 0 0 0 0 0 0 0 0 0 0.0866157091049421 0 0 0.000360465742653319 0 0 0.159373305342422 0 0.121538713080902 0 0.0817671778014575 0.206699363034962 0 0 0 0 0.152071792762687 0.467041199825104 0.240393339803575 0.0594577611274038 0.192556938937344 0 0.212842143232021 0.238280371825929 0.376949866299542 0 0.103418234705554 0.139798568200239 0.107293569952686 0.105981746316386 0.0600911176241027 0.291984351147935 0.283472670196921 0.0631520788735845 0 0 0.109585711274364 0 0.283075959704657 0.307035242431709 0 0.031331932553418 0.000430658142287308 0.135976321118788 0 0.15184671127609 0.375852145168024 0.223505428964585 0.212550907178966 0 0.342126269184315 0 0 0.0485630277395599 0.260861858070815 0.123868150517797 0 0 0.0501187717700294 0 0.248182220031841 0 0.04244218887197 0.121007620445377 0.206121346465542 0.374557409182226 0.0600808014530899 0 0.0527938906692101 0 0 0.0959020954006378 0 0
0.300729770342881 0.307102106897852 0 0.225279258449457 0.376533303323076 0.55381415670461 0.45551883715898 0.49774900603722 1 0.435299189785927 0.442279941048971 0.61044021447073 0.26848016139307 0.62634130923934 0.2832237558947 0.24347319017056 0.211086910488843 0.470301500187668 0.561199126147365 0.28489774788336 0.473460963343689 0.102712961731516 0.52082839751567 0.705869780874284 0.675552122947655 0.284299180784934 0.42457046921184 0.467696781719426 0.152990064862434 0.654798536422106 0.317435091173921 0 0.205804770382023 0.19255961183504 0.184031288389855 0.115648164851673 0.395303497467423 0.624525297904937 0.599950975821686 0.121739516234207 0.100875121799692 0.215221860688963 0 0.0422068589886292 0 0.0593057848249903 0 0 0 0 0.000202516608419969 0 0 0.119773120046735 0 0.211192417507576 0.147596731288588 0.344267217145098 0.0497544168899847 0.0481007760335074 0.106123695820454 0.229237329962607 0.28327790178503 0.0765450167591058 0 0 0.272091674876776 0.0906304266513251 0.139413212821547 0.000358019335377528 0 0 0.0607163497839883 0 0.153672357161338 0.0169486555469048 0 0 0 0 0.0153327367523922 0 0 0.0443311750006557 0.0228448875253096 0 0.142495764579477 0 0 0.168606712219563 0 0 0 0 0 0 0 0 0 0 0.301940145119628 0 0.243821727183062 0.135660939493397 0.088113997413222 0.197738831399471 0.0737117167230689 0 0 0 0 0 0.156361688255117 0.192733503279187 0.0508034990879673 0.0188489808812984 0 0.0499446964883382 0.142835928120466 0 0 0.00706375945303028 0 0 0 0 0.470704288883199 0 0 0.223065546609892 0.0243037261984056 0.266476407394123 0.280350810661701 0.306571474619121 0.162409684153633 0.555031249052192 0.476908169579281 0.239596597553671 0.315531769593823 0.371035374821822 0.246222005958885 0 0.0574185811440051 0.395481826977302 0.385953097357733 0.166523875006285 0.319931971791057 0.252349121401486 0 0.0450063490220721 0.399685289464678 0.4321185780864 0 0.294451308174889 0.320122275144222 0.458338881171509 0.0357360607626757 0 0 0 0.116585293750901 0.44011331632084 0 0.0791261892725477 0.0784136956552335 0 0 0.0421571248284567 0.14149541359715 0.19304725980001 0.026456812889261 0.116858545011968 0 0.075479371280134 0 0.00856753534554397 0.24139624784403 0.198001161138054 0.224358455867566 0.0962410436898363 0 0.0661573794760802 0 0 0.198899105310626 0 0 0 0 0 0 0 0.106449687200203 0 0 0 0 0 0.230784079639145 0 0 0 0 0 0 0.00919877718172737 0.0528312649893813 0 0.110219045623035 0.143089684239928 0 0 0.159489204271084 0 0.0226803648759203 0 0 0.0829630392176812 0.111551882007641 0 0.112300353697465 0.256063888352878 0.405530722645425 0 0.254586239566383 0.281174207903735 0.277351276965714 0.183565325169353 0.189556877755513 0.485878867445277 0.224173677220183 0.35406027850097 0.0490954620685218 0.0532175007000656 0.269722535929649 0.127945704970333 0.366740950399358 0.470553813070873 0 0.225760144333728 0.0360800452790907 0.206131116178699 0 0.243418172719259 0.454814626056449 0.111152516914785 0.162746496111687 0 0.192167894424117 0 0 0.159603587161485 0.428701405191576 0.321419497678362 0 0.24415671405028 0.285262558164543 0.236543478807083 0.203532987512734 0 0 0.0209986905532799 0.300484995316785 0.433895304041119 0.000120924041608235 0 0.0764143605616865 0 0 0.241924783771734 0.160237729188898 0
0.285493483853159 0.190273122462158 0.142370543826453 0.230207602261816 0.446384765415212 0.770620740196702 0.735731697217408 0.467837608493251 0.435299189785927 1 0.695311488828819 0.402196456580325 0.329874936229923 0.440673684978298 0.518455480685844 0.46273543726986 0.117039213564958 0.368124730771974 0.493499969177412 0.548575687298148 0.533570882336956 0.397262912095662 0.640181990481719 0.482020751808021 0.433791325673779 0.576891800013828 0.501644929863429 0.455448490905077 0.225748717719996 0.423697257600415 0.239802512714758 0.260022528506696 0.293406926309813 0.293825354863181 0.364717845739236 0 0.0497538971375102 0.189326832522208 0.257101411366072 0.0557540207772628 0 0.0345667161526432 0 0 0 0.149726554856951 0 0 0 0.0264989612477028 0.3116198425535 0.273329653444827 0.301097434114863 0.175735291854356 0.0686276690972708 0.195203989247916 0 0.249767593223449 0.346189379108093 0.143477180659499 0.231212117926009 0.276890212806642 0 0.323151421244394 0 0 0 0 0 0 0 0 0 0 0.00609927378120778 0 0 0 0 0 0 0 0 0.000105791377703398 0.0384585904770195 0.0280098351738731 0 0 0 0.119784432068315 0 0 0 0 0 0 0 0 0 0 0 0 0.0320886343913189 0 0.07837826750046 0.0680618421454557 0.0800311175563207 0 0 0 0 0.0682536221240619 0.0259812198378109 0.0520906570587701 0 0 0 0.0749674751761906 0.00856997575032536 0 0 0 0 0.00197162554609335 0 0.175057007286539 0.159066452284668 0.150617057784252 0.149363836498155 0.0404136728806474 0.165246055903697 0.351019332929407 0.207868329189084 0.400961817058315 0.334994772706547 0.455255211832326 0.368068206118789 0.276862780703153 0.29768932856678 0.114502819798159 0.249503493745789 0.147921339400375 0.209042526473082 0.321893279792089 0.389307615032474 0.0963310063959338 0.355890374643139 0.327794320547796 0 0.174887679377057 0.230689336231701 0.073506312872561 0.0240388074941997 0.310604359987799 0.373270574647727 0.244116875353186 0 0 0 0 0 0.177162863713438 0 0.0235266020581388 0 0 0 0.0725519667415727 0 0 0 0 0 0 0 0 0.0878997190366741 0 0.139234276403509 0 0 0.20408663441493 0 0 0.124131463659347 0 0 0 0 0 0 0 0 0 0 0 0 0 0.195041557502493 0.00877200569718852 0 0.0515396109791414 0 0.0068991689482815 0.0750197762499043 0 0.149490651465226 0 0.0405248208006707 0.298174720149222 0 0 0.277737264973074 0 0 0.208689164206417 0 0 0 0 0.0826961038877883 0.21163251303282 0.164019467968208 0 0 0.151550547447894 0 0 0 0.240731802768656 0.166849169016986 0.119125542128089 0 0.0154821298993665 0.122345572286006 0.231940545891576 0.138813223188558 0.331757877162228 0 0.123021524940422 0.121545121242498 0.0161082247456346 0 0.101670849954001 0.154947404743563 0.135066227264748 0.157549882757408 0 0.124523800728953 0 0 0.274277687683961 0.418576311232883 0.207570705036698 0 0 0.0060035975590302 0.0203868116598151 0.0680324344162384 0.0170438032952913 0 0.0409878788923821 0.191492085745792 0.139701304453778 0 0 0.0521163643003607 0.0596218916421567 0.125594321558507 0.00014200724050931 0.0112863036521681 0
0.364205858248192 0.514588779496801 0.146566220004853 0.332915438953706 0.477064157784648 0.797414955108846 0.628117884428275 0.566311269193224 0.442279941048971 0.695311488828819 1 0.343255421066379 0.449083661928724 0.46293707345219 0.699361329634695 0.616108766865193 0.337157604431405 0.560696698102428 0.534325399530028 0.629349878080437 0.532323956949748 0.651031027854657 0.59286068185337 0.50170161262696 0.424406861875524 0.695259343553998 0.536818471232092 0.449356700768231 0.218628982300704 0.372829480485537 0.216544744117767 0.292961236285294 0.258598157943206 0.322464751310109 0.28210489345472 0 0.213842053630264 0.334554871589818 0.434234180111622 0.176087095505117 0 0.261798254490328 0 0.0718222916357706 0 0.0777936199162926 0 0 0 0.0722011030933791 0.198360010213972 0.0818192687471524 0.30514200723312 0.321828653423198 0.0533367859455244 0.132916927580812 0 0.435550406766403 0.372341676334824 0.143272962331509 0.244141948563052 0.132206512381921 0 0.0335363488039096 0 0 0.023413178327417 0 0 0 0 0 0 0 0 0 0 0 0 0 0 0 0 0 0 0 0 0.0258829448517095 0 0 0 0 0.00109734116971195 0 0 0 0 0 0 0 0.156038749898899 0 0.232423815321602 0.00507026636094328 0 0.11647821358049 0 0 0 0 0.0426240570671393 0.113194673651204 0.068127864737281 0.0468903783680828 0 0 0 0.026332196446481 0.0696159189053413 0 0 0 0 0.0377746216781066 0 0.144933953694727 0.39987437529602 0.03144834687676 0.0127648239657749 0.0328922288176966 0.102745918249994 0.318841821364475 0.258234736752018 0.293600337056856 0.100456348156917 0.497844227073295 0.477157954437553 0.229887553215421 0.352247699586644 0.265767953202043 0.263508024214685 0.240946144228618 0 0.36415346928189 0.401680502305032 0.0815789504195601 0.324285702873853 0.238743989823563 0 0.0514428338820651 0.288816933975457 0.22487593177588 0 0.296414308986498 0.230982037876023 0.354807680754364 0 0 0 0 0.0593998569448438 0.358956329285105 0 0.0850967766130803 0 0 0.0654221848547065 0 0 0.0295319851323271 0 0 0.0196727400059029 0 0 0 0.0645810062402604 0.0490818701370982 0.216768619873467 0 0 0.225972630730245 0 0.100398371969727 0.231047636894864 0 0 0.0100078695999858 0 0 0 0 0 0 0 0 0 0 0.232087668324041 0.000511317093030297 0 0.13977618431335 0.00445611172924953 0.032596679210759 0.103478438551866 0 0.119503437413759 0 0.121672523372113 0.331058553408018 0 0 0.145799797226823 0 0 0.239504096529634 0 0 0.145276693537195 0 0 0.272398328278918 0.245418188130887 0 0.165079458760004 0.25425405607504 0 0 0 0.296336774535743 0.187943645819577 0.249251944128777 0.0835095107414142 0.191572405331479 0.180559827688644 0.268893389398006 0.16603499052623 0.382157068232253 0 0.393314997032395 0.0414840434037522 0.0308422037872789 0 0.196908269769758 0.258468431104331 0.147298233565289 0.274129297682005 0 0.121078108450393 0 0 0.275406956757708 0.475095234104881 0.286864695288135 0 0.0140701385286615 0.0209253139928233 0.0462973783363488 0 0 0.0241098462348475 0 0.186564225772437 0.226810700845454 0 0 0 0 0 0 0 0
0.45383049549398 0.0592445701946461 0 0.0507557348113445 0.44571924041979 0.458722694299151 0.302502524399118 0.661051250334693 0.61044021447073 0.402196456580325 0.343255421066379 1 0.0974713309040202 0.506419972520726 0.263874627192066 0.357394388597055 0.168318830223195 0.429539722014179 0.500837809340103 0.257905282028584 0.602102943599779 0.171727740440896 0.505121551859611 0.512016306480389 0.676248799573324 0.302237299997924 0.444548962162398 0.535851031752255 0.072417014990963 0.46011228455833 0.469784840987888 0.104995471431032 0.367310189658112 0.381408677390973 0.377156216057754 0.0928358625754469 0.195127872696228 0.256677503988585 0.305063267686914 0.162184558329007 0.10955858934504 0.0620460467147525 0 0.0406865038270717 0 0 0 0 0 0 0.151860253179151 0 0.107472488121273 0.150770120293528 0.0408033196533506 0.231047286313618 0.142865014119562 0.339234507941395 0.223572794763544 0.199780954259095 0.194858682895806 0.0958795649075939 0.128261425892363 0.211759928419768 0 0 0.0722292987923203 0.185415766379897 0.0959639053781286 0.0429718535649632 0.126185385096273 0 0.0482554623938387 0 0.0945845908497723 0 0 0 0 0 0.0968543594866395 0.0593508381232191 0 0 0.0272161539252018 0 0 0 0.069032096451966 0.174917785762322 0 0 0 0 0 0 0 0 0.0735551256051766 0 0.0927102441633752 0 0.158677116842125 0.185583958150451 0.125201051364251 0.195228173067929 0.196414574915568 0 0 0 0 0 0.084489096602676 0.162815448262008 0.272184038929213 0 0 0.152461629400934 0 0 0 0.0179261184244624 0 0.0475688730592444 0 0 0.262817427375297 0 0 0.181224252137258 0 0.109088357517876 0.173116346144686 0.232661952521582 0.117290677444366 0.439134140555926 0.393842455193363 0.0924747285572232 0.207166407776885 0.229254782663709 0.104216078127044 0 0.122610342077932 0.262450970795746 0.155907239554165 0.129779607198029 0.26733907583312 0.101345022853814 0 0 0.342352346606888 0.330851316855221 0 0.187748823801708 0.147686164427761 0.32074243354084 0 0 0.12707717811622 0 0 0.259469447587794 0.0968625796794919 0.0236866225983478 0.0552991031311652 0 0 0 0.0187386749558992 0.259428475882825 0.0531018021421216 0.0584830122284829 0 0.0131799755168768 0 0 0.168287720207354 0.115793752554969 0.055726595865277 0.0583966895605633 0 0.0527963331895878 0 0 0.0235556403729722 0 0 0 0 0 0 0 0 0 0 0 0 0 0.0166367655273729 0 0 0 0 0 0.0693856403052572 0.0416507746813066 0.118221856045446 0 0.137119536243257 0.23897672132493 0 0 0 0 0.108870161738006 0.321036289618576 0.146104773255141 0.0826081461142198 0.142921561455862 0 0.18203441583876 0.324745757647972 0.323218879676762 0 0.127167991754621 0.248386736363415 0.260888470208541 0.173468825226264 0.113056712620354 0.354083268362837 0.324367205964677 0.141791207108941 0 0 0.110526449772273 0 0.213051793706135 0.24073036643732 0 0.0785398360961705 0.00681187065572494 0.145081671801085 0 0.00898725667504366 0.401085932834545 0.2079032795995 0.161530113550429 0 0.186292322172236 0 0.0436782714241064 0.0327891481099391 0.231854397219992 0.211852015092124 0 0.0195964612095619 0.118822068027741 0.0843992701758071 0.129208032420643 0 0 0.187347066115618 0.305022976289348 0.330837252577219 0.123630828476546 0 0.263123573819786 0.0101204960124658 0 0.171619752050272 0.00285585458946975 0
0.393739073857839 0.255736062380977 0 0.21219947904328 0.0734791552654885 0.239486101546207 0.239546552650456 0.107633275235805 0.26848016139307 0.329874936229923 0.449083661928724 0.0974713309040202 1 0.426099890731805 0.473042011996453 0.330245955226222 0.371966002180952 0.519306792186068 0.198291762036735 0.57276624884763 0.31833755000298 0.557539338090427 0.0709233509581613 0.258546808117717 0.341310623568592 0.265443269123578 0.142517417019322 0.130995854125644 0.0848410350416265 0.325378650244327 0 0.112855280729431 0.0208280839282549 0 0.0850067476924848 0 0.205352970388217 0.323258166497731 0.360470453070481 0.280491221304175 0.0405265202175372 0.242463093076116 0.110648688728027 0.22959492225263 0 0.0618580206767245 0 0.0492007640333384 0.150446726961183 0.0229661530454037 0.153642327899171 0 0.0402086410238358 0.24479177806991 0 0 0 0.151835506016598 0.0811064560525369 0 0.0917720561012189 0.00904482456503997 0 0 0 0 0.0153231630889989 0 0 0 0 0 0 0 0.0286576105428196 0.0286324662218701 0 0 0 0 0 0 0 0.0635771029697038 0 0 0 0.232189442493853 0 0 0 0 0 0 0 0 0 0 0 0 0.0996876491935271 0 0.109753053620713 0 0 0 0 0 0 0 0 0.0428428653365818 0 0.0732231973135082 0 0 0 0 0 0 0.00593151416624828 0.186746989306312 0.115028815586064 0.274843711940962 0 0.000429579016769744 0.421442223192216 0.0718601083524963 0.0578639232889157 0 0.0250577577871478 0.170850604216412 0 0.0855084915368354 0.0356448751077253 0.0913623096832432 0 0.10042995162363 0.155976521451146 0.0365820450656473 0.178728063804087 0.122296429222385 0 0 0.201677985764431 0.0849732878889495 0.0420443192650734 0.135266691492878 0.0442909156988291 0.0141531025483378 0 0 0.0220385145163021 0.072233525602401 0 0.0830159304997924 0 0 0 0 0.0345169201756756 0.224419203442235 0 0.0539644014730809 0 0 0.00374926550550993 0 0.0297316098575583 0 0.00713559341781494 0 0.173268498167063 0 0 0 0 0.185732236493806 0.223798228647135 0 0 0.483090431533703 0 0 0.281267748576566 0 0 0.066622592997601 0 0 0 0.157779117197546 0 0 0 0.0111980298735007 0 0 0.176553598687173 0 0 0.0682894930402848 0 0 0 0 0.0392467085947241 0.0532077311683137 0.15992219033784 0.116736133167636 0 0 0 0 0 0 0 0 0.0862454460938306 0 0 0.327587316562148 0.00182855088782226 0.287835193695253 0.130869692141693 0 0 0 0.0195347059849273 0.0252138815524838 0 0.228298478730104 0.122104410697036 0.149712479625756 0.214730558395668 0.0704844871003609 0.0150654987876285 0.122188577678496 0 0.0680312346382106 0.105479774613017 0 0.103971767075178 0 0 0.160552176419336 0.0666216114217918 0 0 0 0 0.228818160385784 0.318083482848182 0.181210178987933 0 0 0.0276347473889988 0.0330879106798737 0 0.0182633295711431 0.0688755596939284 0 0 0.193220378680314 0 0 0 0 0.187363456820155 0 0 0
