1 0.15209815192536 0.193925587960378 0 0.0416989701601914 0.676749874880354 0.324905835114237 0.330396053059686 0 0.445629160473163 0.105459609366048 0 0.155530584085909 0.144969081898917 0.0301245239324585 0.204949204816114 0 0.495574842625695 0.274617971508753 0.140030964871364 0.316763799337881 0.18583150626491 0.385128321787867 0 0 0.675353584452454 0.197567531880479 0.139272037930467 0 0.127120206252466 0 0.170917054470878 0.0256497267972251 0.025106250867583 0 0.0344364637146246 0.145572843945007 0 0.166268909093433 0.0890727970316527 0.0720253941216887 0.00970005588209663 0 0.208053140926905 0 0.142725488324857 0.0998702208193253 0.22340735661125 0 0.155446721323423 0.127230476632639 0.32433198450159 0.183866234678368 0.215569173452448 0.213436255705535 0 0 0.138834413047928 0.267154592845546 0.11723139647705 0.185714266084183 0.292226076589219 0.118232687197984 0 0 0.119926988982994 0.143316331125977 0.0547750063010829 0.212363974930293 0.0115933038286975 0.332796368642279 0 0.0565958315017913 0.193515245394276 0.0916903968560229 0.182598215441615 0.113191618928403 0.374872945951459 0.0787215651418964 0.0725500712828721 0.158188036782959 0.00374943120286314 0.210892048991268 0 0.178412905898347 0 0 0 0.136059241125165 0.187778756380953 0 0 0.136072769217185 0 0 0 0.0885554708814358 0 0 0.110711939407487 0.0721137722681148 0 0 0 8.65680072164895e-05 0.230981632434584 0.000950848198775473 0.220100530686908 0 0.0637638148647783 0 0 0 0.390962142101834 0 0 0.14912261591187 0.0217567356790273 0.0507577212551375 0 0 0.246714504070423 0.049314958504691 0.602282738979711 0 0.0367005725799693 0 0.186352960966188 0.23015471535105 0 0.0856081525789995 0 0.135281045071402 0.279079016608282 0.26915322406269 0.10203581654824 0.0403142680803124 0.0555928920315653 0.0802000939814542 0 0 0.243148448290447 0.28236071913866 0 0 0.335263168105076 0 0.549510013011849 0.260759809881186 0.230320745254264 0 0 0 0 0.0362867761984475 0 0 0 0 0.0744714794200282 0 0.492544806950801 0 0 0.0383501788851864 0.0526996367574759 0.0683654473004144 0.0413221861734578 0.0621709526905954 0.0768269387936509 0.167222329882396 0.100486981701894 0.0234541513295086 0.0241424269616411 0.0495574128649234 0.159133832927294 0.127570781012144 0.069084008636853 0.0708894131694604 0.124141469055171 0.220495399368769 0.197129808042418 0.0865938881151986 0.0502234165095924 0.0560378368563487 0.0783647756210483 0.00522170403240225 0 0 0 0.108065338962095 0 0.103384596550655 0.28352406074872 0.220316562973744 0.130645675907058 0 0 0 0 0 0 0 0 0.0396402307086422 0 0.0233527100956581 0.0792128702910415 0 0.195933424722883 0.0614983509451806 0 0.331295884625852 0.160167013483247 0 0.110485863294517 0.0151615273499815 0.171953090546805 0.170577455502303 0 0.0774662499823059 0.380487136279416 0.0532374227125956 0.0612212972033275 0 0.196548995327513 0 0.156016133681027 0.0717876545361075 0 0.424210491212227 0 0.018831134741835 0.117077397086136 0 0.0299000466058423 0.132741382811548 0.259726802293751 0.0169056074466109 0.306120994265272 0 0 0 0.190852450693391 0.193942377499264 0.10667559351336 0.304286374173501 0 0.0010863991153977 0.0137637303700182 0.0295844852452265 0.51085711439955 0.414281777434115 0.182217035761072 0.28107832265992 0.160374368356075 0.142649123632893 0.0517035191873264 0 0.143295738636866 0.00777730889761323 0.011905241568342 0.215338815969271 0.161877984737658 0 0.231598447878417 0 0.0586478227985657 0 0 0 0
0.15209815192536 1 0.102126405492725 0.223123956395715 0.106809719462685 0.28146925915951 0.265187296910468 0.167250568588322 0 0.242124318452332 0.287524706396881 0.171632904263816 0.0523368296329671 0.105370340030107 0.300498317219695 0.232336152585108 0.24932399955607 0.0347512597532967 0.282165702683858 0.216410347516513 0.0292999764005208 0.313498947995062 0.150098928600602 0.260812515847594 0.0734789618231438 0.259368561115953 0.267707449751499 0.0473674560380881 0.256638264595838 0.0770226425744992 0 0.153668641234283 0.0578868964654071 0.0364241739556019 0.0343048890017853 0.298191335425638 0.169406736459196 0.257360068457631 0.0378402434859964 0.154415015922264 0.0162019213811851 0.107068101480387 0.294381125708336 0.122633827570384 0.186744425968006 0.181173189876938 0.343759308351374 0.200106953915312 0.200902013425549 0.239970856741789 0.0786441655582703 0.303022679497931 0.398937768467125 0.194047280374641 0.378628883181026 0.0182799328109361 0 0.267300318325019 0.35902785891648 0.121208514976774 0.0166145737902904 0.30579362734734 0 0 0 0 0 0 0 0.0598668012935901 0.130453140684119 0 0 0 0 0 0 0 0 0 0.215339442534795 0 0.0303760549427237 0 0 0 0 0 0.25941225004606 0 0 0 0 0 0 0.136755426553938 0.137480206108036 0.0712395041525767 0 0.158205895170078 0 0.0758027838154054 0 0 0.0275992855684266 0 0.047154865083452 0 0.021260811587565 0.0665990144982271 0 0 0 0 0 0.0929884848437753 0.0691783817660107 0.0644184151929184 0.178225339909987 0.0878972278316556 0 0 0 0.213857513825307 0.0293530224844071 0 0.262127108942483 0.231746905759491 0.21476013285549 0 0.183550699356244 0.143681476567325 0 0.223764162118969 0.0760531527571383 0.121694583727377 0 0.188497809520821 0.135780607640716 0.0137451481900583 0.137512497636294 0.124173898110539 0 0 0.119958763355484 0.137092102070313 0 0.22088222685172 0 0.307286800103347 0.0532057339266546 0.180747811301479 0.176663286465735 0 0.163426251855528 0.0585211060901229 0 0.0406352582622912 0 0 0.0869904149012586 0.0327998816613927 0 0 0.118115902787574 0 0.153339973731657 0.195977613764037 0 0 0 0 0 0 0.0868759378378325 0 0 0 0.00761963184953706 0 0.0474513505235401 0.390497056771754 0.174018822819105 0.023534963563284 0 0.202986444695733 0.302090064493835 0.357101308413725 0.38794469728475 0.193301979843455 0.257743274115088 0.194091836559283 0 0.270984300033437 0.153339815418998 0.324833916686569 0 0 0.0702098195110117 0 0 0.00867529045225037 0.141001796204199 0 0.159357597104138 0.061855895008585 0.153193569851273 0.225573114858622 0.0388662556122709 0.239784383055726 0 0 0.0801945019653199 0.10167050476102 0.170868408638559 0.135529699500515 0.0259279097811818 0.0591088207847253 0.116681839632722 0 0.29345057854702 0 0 0 0 0 0 0 0 0 0.0747035415431737 0 0 0 0 0 0 0 0 0 0 0 0 0.108326788330654 0.24004164707345 0 0 0.336812589386774 0.0186885542481175 0 0.00846497319798933 0 0.058780090121488 0 0.0352823138121876 0 0 0 0 0 0.034884098828077 0 0 0 0.0243751343816549 0.119288809304861 0.000181925117022188 0 0 0 0 0.0371227212666357
0.193925587960378 0.102126405492725 1 0.360091235338323 0.553528617986525 0.0740616455622343 0.550952239257599 0.269244276772628 0.308121533607217 0.530148605678399 0.512391588020553 0.305963290972988 0.151185314812859 0.122446540408674 0.506920420531879 0.273145551619705 0.196660352059915 0.0801296607911894 0.587675524683847 0.44563725612643 0.262208195277844 0.411930178324148 0.176624996417168 0.456568112868027 0.31643823932402 0.292032836918863 0.49352521001294 0.604226919567117 0.160701606356768 0 0 0.494360119698609 0.122101618200765 0.106621369428225 0.083002827599738 0.133596975366094 0.217921516098068 0 0 0.422193911167739 0.407400366753782 0 0 0.288368671617779 0.531072382266777 0.162967323718779 0.30470671192059 0.249006866377076 0.374367393875692 0.419426952781687 0 0.403680300006661 0.392742658690816 0.423248027356109 0.173102863655919 0.504923380772928 0 0.268641083076245 0.211213650012851 0.309492426483037 0.235171121609662 0.336159730151629 0 0 0.0125259185604295 0.182141052807433 0 0 0 0.135861346650205 0.151678501288357 0.0546545355089677 0 0 0 0 0.00862427193411726 0 0 0 0.214835111555861 0 0 0 0 0 0 0 0 0 0 0 0 0.0241797695140159 0 0.175260828619296 0 0 0 0.172031027340473 0 0 0.167972660177164 0 0 0 0.0225038616911072 0 0.14166926265576 0.287459842484697 0 0.241181788875118 0 0 0.00893777699925735 0 0 0 0.0223267274733234 0 0 0 0 0.193056528544378 0.0431626476021038 0 0 0 0 0 0 0 0 0 0 0 0 0.0774679032549157 0.101892314646095 0 0.000495410188658619 0 0.0518352625030253 0 0 0.0352564393843743 0 0 0.0666545597528929 0.0608264574062725 0 0 0 0 0 0 0 0 0 0 0 0 0.119409757210061 0 0 0 0.234894043009039 0.155786275057205 0 0 0 0 0 0 0 0 0 0 0 0 0 0.285122263416439 0 0.0677155893146718 0 0 0.257687974609159 0.258958909341151 0.226686544560441 0.203049242646699 0.29645758536524 0 0 0.294891125532359 0 0.261171208828084 0 0.138160727738371 0 0.205602782568817 0 0.0719615195636372 0.0751725298395805 0.107656459365951 0 0 0.223756070589052 0 0.0597736612621996 0.160053122807772 0 0 0 0 0 0.154720532621229 0 0 0 0 0 0 0 0 0.0159604243135874 0 0 0 0 0 0.326279509438846 0 0 0 0.00903325827814377 0.0741430238260017 0 0 0.0527107094922307 0 0 0.148127624528053 0 0.353727656140223 0.21265610106854 0.00226545433811388 0 0.106064006602785 0 0.065003807334998 0 0 0 0 0 0 0 0 0.21584907303156 0.155662737444233 0 0 0 0.248369947959386 0.205854810118738 0.136018958319794 0.0511489384163134 0.206482225468735 0 0 0 0.0258628494464731
0 0.223123956395715 0.360091235338323 1 0.328767035029098 0 0.421190584200476 0.157974203700601 0.259486969356418 0.272765550623298 0.383035933469363 0.173350911021564 0.106381982707769 0 0.331865226184838 0.240382954268652 0.341102768348345 0 0.416541717488691 0.340615131922543 0.0762872886352811 0.512719833356645 0.25358541379457 0.279061425180097 0.28094515386625 0.154114179858658 0.406478881439744 0.329290802420702 0.342163034065711 0.0205418259454005 0.0360418667703821 0.399991228739263 0.114370353775997 0.107046013320601 0 0.495301571442411 0.263107339596961 0.0977030794565054 0 0.596387136093782 0.451064048210161 0 0.320871285097585 0.304221248254281 0.463768049532241 0.310622680145631 0.53539081555851 0.371154881740718 0.453654711327805 0.425430771635208 0 0.331537239242527 0.419539521768313 0.381796645687464 0.265862514987569 0.394245691392298 0.060426976605409 0.386624566099082 0.378782507182738 0.248026795409204 0.177152469983274 0.396395469592403 0 0 0.0596145369282962 0 0 0 0 0.119106913406538 0.109778448226068 0 0 0 0 0 0 0 0 0 0.18812971643286 0 0 0.0393947260299342 0 0 0 0.0989188108807969 0 0 0 0 0 0.20944677917564 0.0788822457530098 0.16818129118936 0 0.140106259572596 0 0.0873217111438046 0 0 0.0082746221832386 0.0152967308798505 0 0 0 0 0.0756180028601775 0.101601229575907 0 0.0692837579228737 0 0 0.0864306641604698 0 0 0 0 0 0.00666710473503901 0 0 0.0645539379373178 0.281351659388426 0 0.128372116022854 0.172453062319576 0.152252338726594 0 0 0 0.0312063644547563 0.0583741338200885 0 0 0 0.130365997561308 0.00318322344792641 0 0.202475478322973 0.142960120406636 0.0146156531614256 0 0 0.224121747220173 0 0.0165985884819389 0 0.3077342025772 0 0.0588932187995634 0.211682003647486 0 0 0 0 0 0 0 0 0 0.227887717624599 0 0.023640106974296 0 0.255753455044007 0.402383427700056 0 0 0 0 0 0 0 0 0 0 0 0 0 0.483847200498218 0 0.252269150195788 0 0 0.430462241828421 0.539893075040022 0.427697532585589 0.309152121706751 0.405933947883778 0.213696331838962 0 0.399514196966841 0 0.36613338725266 0.118570707183216 0.227177840138922 0.171358849295473 0.108674991090707 0 0.0709801953255722 0.121403248110172 0.0797344567228665 0.188573060975094 0.0472438250232164 0.367744929691575 0.312487987325591 0.232403606935671 0.303482734540367 0.0457367110270958 0.0212602831722586 0 0 0 0.244567130901707 0 0 0 0 0.0985055717404004 0 0 0 0 0 0 0 0 0 0.135009072015838 0 0 0 0.0535280881112849 0 0 0 0.0816943812673875 0 0 0 0 0.0212634462693001 0.0746746702815489 0 0 0.187143536290281 0 0.0998083132928768 0.0258595748936755 0 0 0 0.0587908796384314 0 0 0 0.160028300334785 0.235614270036875 0.005164081035041 0 0 0.0217737676858277 0.0275987941407817 0.240196590613524 0.170625351953502 0.0773531832404306 0.00484295149957672 0.135028446557706 0.108995735363884 0.040644672796506
0.0416989701601914 0.106809719462685 0.553528617986525 0.328767035029098 1 0 0.291077263077689 0.0218065030231123 0.390562966022959 0.26988704891753 0.197176581923297 0.320518255248037 0 0 0.372429939232697 0.270094440118593 0.134300309301574 0 0.369309723742504 0.195854320568878 0.0492454490033387 0.293004037198992 0.350061844723314 0.253460487112813 0.314024981608614 0.0337092832304457 0.621394078283712 0.660406285008811 0.258553465632618 0 0 0.228011408795155 0 0 0 0.0557915079309602 0.131786949860444 0 0 0.174031190647353 0.159289352183876 0 0 0.209358872160844 0.342116489106418 0.0904499187989434 0.214694912846942 0 0.355232853087253 0.288644185825266 0.0800026312348963 0.139973828754808 0.169651862321119 0.143308405170432 0 0.281443433175854 0.107225713738126 0.0670135191459701 0 0.0281283587484618 0.0544291356148988 0.299743031600083 0 0 0.00661407864273985 0.106477453355842 0 0.0608635077322924 0.00877218637259563 0.134689259299144 0.030367744834676 0.0486195457059235 0.00356143550520438 0 0 0 0 0 0 0 0 0 0 0 0 0 0 0 0 0 0 0.0689763237478824 0 0.0469910113252232 0.0765401221484679 0.0719827360807443 0 0 0.0111929292874024 0 0.0228366685037485 0 0.23499414773546 0.186219881131535 0 0 0.115906454864767 0 0 0.232616006894299 0.0395954113814635 0.0939294462465273 0.224708104858622 0 0.127139578344149 0.129242747507895 0 0.0291693729783493 0 0 0.0561039842890414 0 0 0 0.0271576444055818 0.034227628557525 0.0305781122861156 0 0 0 0 0.0311811007358118 0 0 0 0.122383142900517 0.0994725818602095 0.121435641161187 0.219399612051435 0 0.00391845262688244 0 0 0.109910709426097 0.0121560366527539 0 0.237583613598578 0 0 0.0223004599049579 0.0352701487368837 0 0.0331397658126312 0.132294557903521 0.199024063235322 0.0564630074657073 0 0 0 0 0.0349273705778226 0 0.0841827665664476 0 0 0 0.0783956134887727 0.0869805763518235 0 0 0 0 0 0 0 0 0 0 0 0 0 0.124224771584029 0 0.110675232539992 0 0 0.0729045832626015 0.139214488097691 0.237416698289153 0 0.0851131532848998 0 0 0.0261575143411295 0 0.00296294675888237 0 0.152123060663687 0 0.166028632468156 0 0.149945302275509 0.250870564927153 0.00300324690805687 0.0291554973436236 0 0.285521045350899 0.0913640186919399 0.155253950653789 0.300847803196168 0 0 0 0.00642972881356333 0.126220520373378 0.0554840381798646 0 0 0 0 0.0643317170351174 0 0.126093434269465 0 0.220709683772324 0 0 0 0 0.0644875913150557 0.192412454461711 0.209902766802848 0 0 0 0 0 0 0.169471959959733 0 0 0.0355244366268758 0.0195096140042684 0.0685718300861584 0.00500777494291214 0 0 0.0949174079711035 0 0 0 0 0 0 0 0 0 0 0.182033417466791 0.253049154853167 0 0.00664477992103158 0.145022618279153 0.441846340182964 0.247027268819 0.336453244113718 0.2413000136361 0.147414531356566 0 0.118783399437344 0.199877141468812 0.0501824985024029
0.676749874880354 0.28146925915951 0.0740616455622343 0 0 1 0.296173988512889 0.218371171554147 0 0.454310889502205 0.199711610009257 0 0.12678138634078 0.0398124010342879 0.0492299821919525 0.174159901345497 0 0.599218176552611 0.240422286724051 0.153251943608841 0.188987312150796 0.209846660462912 0.369012406862364 0 0 0.755910220984387 0.111495287401991 0 0 0.0493014370651238 0.0379759241371675 0.112324021844164 0.107759637433905 0.163004208511472 0.0384255994126469 0 0.193307472584802 0 0.0938232963968963 0 0.0244922604920903 0.0251075825859314 0 0.0783680862109219 0 0.115479753708218 0.167908536353342 0.16487760133384 0 0 0.158931245004566 0.433628737790145 0.290018630446425 0.266522236790824 0.29889533227417 0 0 0.134348254607737 0.293662525822008 0.237333003614514 0.0488588446623194 0.244614663471382 0 0.0386925477453598 0 0.0325133879494078 0.0981788542668369 0.0437836614883706 0.00772352756733313 0 0.302211572329321 0.0207822798120509 0.120262270095625 0.0184136868440533 0 0.0767716648858344 0.120640357085469 0.324643842997489 0.0926564388520937 0 0.124563700944582 0 0.143467898147004 0 0.155678959150146 0 0.000525417023798562 0 0.0674574467179144 0.18194807221261 0 0 0.0472768516845338 0 0 0 0.128996346303842 0 0 0.102269961050151 0 0 0 0 0 0.231355496828766 0 0.288895735592579 0 0.0892111945198878 0 0 0 0.31600248240956 0.044465016284252 0.0406570284493565 0.029886149550996 0 0.0205125408976439 0.0412828544026089 0 0.0312244826552083 0 0.328553920265359 0 0 0.0325469295564993 0.29010917418204 0.328861219800393 0 0.117865132375596 0.0874677996473009 0.0732035513527063 0.274413716028614 0.21664127718995 0.152999858129171 0 0.254270825175954 0.177969861569331 0 0 0.146832795795542 0.0449116818438251 0 0.103613164256253 0.29689560217016 0 0.617045888018689 0.20160839353383 0.370696695210387 0 0.0433534987029346 0.129703574147415 0.0596794629763013 0.097332246992969 0 0 0 0 0.0402156465845873 0 0.457256070241967 0 0 0 0 0.18018641436328 0.0715415090502338 0.0505484872635995 0 0.0626069211381238 0.107542472979526 0 0 0.0559096895880805 0.104795401313287 0 0 0.117914549041826 0 0.135450582336913 0.0776438830302144 0.163876435303929 0.0257361535210707 0.0247541720661449 0 0.00664726949530704 0.0727096496332107 0.0662115713464044 0 0.0936950894210696 0 0.00466957936496169 0.199364646495266 0.111836119791529 0.0780260109840332 0 0.0137153093386861 0 0 0 0 0 0 0 0 0.00488032541159044 0 0 0.150883229797743 0 0 0.297847241136645 0.107689460347428 0 0 0 0.124305566379306 0.216129256841952 0 0.0667495645354372 0.341115588755054 0.0802890737508874 0.0175957478689217 0 0.294700087905917 0 0 0 0 0.408196486491568 0 0.0763674176410776 0.0259468513486872 0 0 0.155955730941303 0.347624874343852 0.0863728061321472 0.242683200667276 0.0152374174503899 0 0 0.0847069316586264 0.186188983920121 0.0393896429682409 0.177453412463911 0 0 0.00648546396358456 0.101624224919381 0.501259718341365 0.490140304156614 0.193864391462088 0.299701963317846 0.121617044846218 0.127794783573016 0 0 0.0224884395770523 0 0.00412652413624024 0.174165091431042 0.021405019606124 0 0.0415048500438125 0 0 0 0 0 0
0.324905835114237 0.265187296910468 0.550952239257599 0.421190584200476 0.291077263077689 0.296173988512889 1 0.187975643476561 0 0.68724426078503 0.712926840143198 0.190237613929431 0.19237693493114 0.0509279202762089 0.627171870836564 0.492111481660171 0.0702595683121898 0.173190319841382 0.612438220058427 0.593781131772657 0.0918553426860784 0.597067942427717 0.224346110019134 0.392502782360071 0.382914418008723 0.596557898205775 0.591244789841687 0.349778666896144 0.166890803320418 0.11312388394262 0.0238355914255523 0.421911486262411 0.0938319882578249 0.0825649293927644 0 0.088676991220689 0.193633967754173 0 0 0.325274298400553 0.338071368053869 0 0 0.210460890435347 0.453118995805599 0.266024127864148 0.446510862349957 0.261444705225827 0.30713429876384 0.428392620204745 0 0.436625247059935 0.598186847303126 0.423460452668622 0.263990901243451 0.439080648926202 0 0.273213037230398 0.393122897538584 0.363090039829219 0.0133105635624275 0.548038563672534 0 0 0 0.0632078704324856 0 0 0 0.0483655932468026 0.268756641257754 0 0 0 0 0 0 0 0 0 0.274089273371663 0 0 0 0 0 0 0 0 0 0 0 0 0.0843987918863612 0.0796543010093748 0.150551568540363 0 0.0219126170877633 0 0.243368347637239 0 0.00229190875110137 0 0 0 0 0 0 0.140024300350759 0 0 0.0241857182477867 0 0 0 0 0 0 0.0186927901021919 0 0 0 0 0.496256250461158 0.0748294449576614 0 0.134116798829282 0.0467632209188503 0.0313399416906686 0 0.12666159330373 0.0467156312375493 0 0.126862142972434 0.0218574494925274 0 0 0.109888441293744 0.0100967118552941 0 0.193094074161366 0.0346443103874592 0.0646226597841946 0 0.0426305005427389 0.254385664623374 0 0.116682787239001 0 0.228417893954286 0.0203936975732927 0.0795325794596203 0.099292443891504 0.0453253324192271 0 0.0208559694599036 0 0 0 0 0 0 0 0 0 0 0.182453513340484 0.244230970401762 0 0 0 0 0 0 0 0 0 0 0 0 0 0.469908526815588 0.034742832694782 0.130421136209514 0 0 0.261530779308024 0.319594664245269 0.276079451089593 0.0844952244072197 0.375277028612503 0 0 0.292152960495024 0 0.225412253737718 0 0.174447059150807 0 0.0469805367917596 0 0.133468811637377 0.0237842810770904 0.0348376731445037 0.0223067254531583 0.0131885885270553 0.112650211087757 0.0384007984352836 0 0.0974476662334783 0 0 0 0 0 0.20590777769357 0 0 0 0 0.131544990531457 0 0 0 0 0 0 0 0 0 0.282827357940668 0 0 0 0 0.0623755741354637 0 0 0 0 0 0 0 0.229974119993008 0.105097407997834 0 0.0237859965018417 0.166944145773512 0 0.171680379263359 0.0364760261450955 0.0329534187041051 0.0647393859058013 0 0.162816717968089 0 0 0 0 0.0041884252357179 0 0 0 0 0.00164204914814345 0.102549485435858 0 0.123935907271431 0 0 0 0
0.330396053059686 0.167250568588322 0.269244276772628 0.157974203700601 0.0218065030231123 0.218371171554147 0.187975643476561 1 0.219693409702923 0.0495311720480877 0.294890651821932 0.53801828249976 0.510662308400588 0.446216955695951 0.33000417047669 0.123172410944136 0.394131005497879 0.463429359747276 0.305301911588417 0.212898830218372 0.745896583464406 0.371876685678094 0.0812220852534412 0.476540221226594 0.312421291252931 0.290144465821049 0.110567347256424 0.270146851227093 0.339502124150642 0.193479371487268 0.200510375230434 0.237738062252005 0.272230103328672 0.251856715255464 0.13507203434065 0.137792789645547 0 0 0 0.235768994102282 0.185466168883387 0 0 0.183164393888458 0 0 0.165997771148272 0.0489937073674286 0 0.07409590698511 0.169876872295829 0.397078320328405 0.228315344633242 0.326286811460771 0.23243639838351 0.0306180448843888 0.0361265614812616 0.491079998563435 0.542969148241769 0.292960991400994 0.406819072088139 0.00645884562727931 0 0 0 0.05803757058707 0 0 0 0.0214312876034288 0.234738030281998 0 0 0 0 0 0 0.0698538209358418 0 0 0 0 0 0 0 0 0 0 0 0 0 0 0.107970513349437 0 0 0.108075055044695 0 0 0.0750325730179733 0 0 0 0 0.0329657664109553 0 0 0 0 0 0.0746474480327178 0 0 0 0 0.014119775791019 0.00827382908002429 0 0.0198660531307009 0 0 0 0 0 0.309872226238716 0 0.0240904002816158 0 0.0612084488934941 0.101549044422089 0 0.0819617953274016 0 0.0654430453561962 0.0543413863562966 0.0948461582324495 0 0 0.199094400526956 0.133266642483692 0 0 0.035293779146454 0.135990717892756 0 0 0.116209317808703 0 0.256323801401521 0.0151021544987165 0.204992069297935 0 0 0.0602851456902005 0 0 0 0 0 0 0 0 0.0786487397381688 0 0 0.175262725644864 0.0428006223130408 0.0272600481107483 0.0293690544010766 0 0 0 0 0 0 0 0 0 0 0 0 0.0271487816839526 0.0599433491725409 0 0.175972010055999 0 0 0.162813842092036 0.0789895755141948 0 0.0242860990523061 0.0214134562470333 0 0 0.133723467282648 0.123964232988896 0.129483887440614 0 0 0 0 0 0 0 0 0.0975980166122024 0 0.0705882896812062 0.119452205805627 0 0.0704625802247773 0 0 0.00683576519050507 0 0.145208953471643 0.214618498892728 0 0 0.00817830836508634 0 0 0 0.00504603557241856 0 0 0.00742712714314363 0 0 0 0 0.239276890525439 0 0 0 0.121341453832886 0 0 0 0 0.112222988274901 0 0 0 0.26000033555395 0 0.0801182445680333 0.0286571338557186 0 0 0 0 0.0717713327191846 0.122145651099348 0 0.00593231291657413 0.00674510663810173 0 0 0 0 0 0 0.0634677151800939 0.0135030159230389 0.0299598854198152 0.167678677163676 0 0.30760006590966 0.153957907292373 0 0 0
0 0 0.308121533607217 0.259486969356418 0.390562966022959 0 0 0.219693409702923 1 0 0.110018042451049 0.459642078496019 0.187224405996976 0.276188424762149 0.254217201926181 0 0.58675953494826 0 0.245074618358099 0.209846630546047 0.298486748881544 0.140978729984348 0 0.509295696399453 0.392977367608282 0 0.144645540728559 0.40236462221613 0.488992923041429 0 0 0.0965042152617368 0 0.0144072624257576 0.148999423630192 0.247884814183023 0.0576807064714788 0.194580644333862 0 0.144029360783211 0.165977078371321 0.043296131555581 0.0689603153138005 0.26373104931382 0.219267286612433 0 0.137806515895257 0 0.274484010759825 0.0322069387425818 0.0811210292215719 0.0556337540832224 0 0.177455663538132 0 0.13396364272483 0.227965587048274 0.20140640718244 0.0994435923324848 0.00796663023213416 0.164838742212208 0 0.0232026582278294 0 0.00414786572918387 0 0 0.0140616220247004 0 0.119512350712918 0 0.029699569537452 0 0 0 0 0 0 0 0 0 0 0 0 0 0.00221175273239415 0 0 0 0 0.000310553138033648 0.0795404758871707 0 0.0751894724554868 0.0868749017701181 0.120086054841347 0 0.0638225928843522 0.208724430371517 0 0 0 0.158411103552808 0.24705471452349 0 0 0.0757646265184005 0 0.062626111991361 0.189534458129484 0.0403117307921222 0.119231662974407 0.112749076615231 0 0.13923982397894 0.146194673706681 0 0.103631947914331 0 0 0 0 0 0 0.0219578872567676 0 0 0 0 0 0 0.0166543215725321 0.0075271617739384 0 0 0.0267623016683278 0 0.179932378053327 0.259247252375829 0 0.0391358909493584 0 0 0.0640265493489844 0.108118434772189 0 0.169618459307148 0 0 0.0385244807054083 0 0 0.081356955852628 0.0114199860594011 0.0243424874018881 0 0 0 0 0 0 0 0.148142860229838 0 0.252823772927129 0 0.23929857828348 0.187873125959042 0 0 0 0 0 0 0 0 0 0 0 0 0 0 0 0.114392895009232 0 0 0.125804290414826 0.163008161167031 0.161913642270509 0.0524166985973655 0 0 0 0 0 0.0914510331000869 0 0.168004225155517 0 0.0450957771906006 0 0 0.0436982543824811 0 0.195532669523484 0 0.290000290051681 0.118037113109052 0.300621835857736 0.0936441204688743 0.171673131249506 0 0 0 0.203076824049849 0.180522006442638 0.00588011834658895 0 0 0.127166710862123 0 0 0.100667095546441 0 0.193799730874221 0 0 0 0 0 0.0582405580706539 0.257410454847919 0 0 0.0104564965160365 0 0 0 0.0732082495643274 0 0.0338936833608093 0 0 0.0286268628149888 0 0.0523126475701212 0 0.0450006666352006 0.00903326763874477 0 0 0 0 0 0 0 0 0 0.405859571430331 0.108410597371756 0 0 0 0.222240192431222 0.270228113412542 0.170441383986112 0.319009469240528 0.00930035286807983 0.0857819403989636 0.189697454336304 0.0842291279009774 0.151202302081356
0.445629160473163 0.242124318452332 0.530148605678399 0.272765550623298 0.26988704891753 0.454310889502205 0.68724426078503 0.0495311720480877 0 1 0.49591213202148 0.0190850522274063 0.084182837398343 0 0.429597585833642 0.31063156961429 0.0792608706312775 0.230510033356945 0.447281508972953 0.62392694228133 0.126917304735034 0.360326022774075 0.268869157070371 0.0679825020939847 0.148014594927953 0.628104153424461 0.394110177221744 0.301113715562532 0 0.0587937996059848 0 0.305119954254119 0.0160693052596658 0.0622410540358706 0 0.210907490089418 0.441194270011885 0 0 0.372534659266036 0.314517496844599 0 0.15671557112981 0.359080685126184 0.497923091165282 0.281584163197526 0.507716216061645 0.358615887777078 0.307712850025057 0.315321924529285 0.0330294689486976 0.473332448611685 0.442587506742465 0.574157079541372 0.284003929033269 0.502606009908291 0 0.353161122514604 0.228777261669621 0.27181741075332 0.0834917889157602 0.548063962723517 0 0 0 0 0.00837632658294776 0 0 0 0.225888289287047 0 0 0 0 0 0 0 0 0 0.37812789310431 0 0 0 0 0 0 0 0 0 0 0 0 0.0145662533563861 0 0.102604579998297 0 0 0 0.090689595343653 0 0 0.0197757436745568 0 0 0 0 0 0.0458729938537937 0.0764255891424553 0 0 0 0 0 0 0 0 0.0941868672145236 0 0 0 0 0.410234354369868 0 0 0.0437247958127267 0.102517190794116 0.143946704682531 0 0.0519938970001166 0.0391326454158486 0.0132351035809056 0.137886516258004 0.0091622665152593 0.0678745056702892 0 0.0980894182672482 0.0858628507073853 0 0.215222760456178 0 0 0.00560505852740058 0.0761899403885224 0.116006614250355 0.02188277988738 0.197858121448943 0.0477666504244645 0.170923124047612 0 0.0748235506165673 0.116418138408307 0.0947747644680555 0 0.066393107772291 0 0 0 0 0 0.0281028840619727 0.0121057236436396 0 0 0 0.339554408450902 0.261906074482714 0 0 0.00071190010233965 0 0 0 0 0 0 0 0 0 0 0.456567303395409 0.152322295736522 0.258453848500356 0.100908384731559 0 0.293745914960499 0.32979981026247 0.336417760458855 0.0873867699634125 0.290327891193855 0 0.113487458620762 0.324989193104184 0 0.199502291741397 0 0.315789751396117 0.0459497616925958 0.00876138784392061 0 0.0384077546594885 0 0 0 0.0728002080467547 0.17133447449304 0 0 0.226419388721989 0 0.0531858985626731 0 0 0 0.00698756042734243 0 0 0 0 0.136613696814572 0.090504577355898 0.0381586192361409 0 0 0.0261963645888506 0 0 0 0 0.519837247019644 0 0 0 0 0.0745280460542784 0 0.0300480491674806 0 0.0177981418522572 0 0 0 0.234418031027691 0.227776168926843 0 0.0570680223529396 0.180195031323036 0.0173172223895081 0.129424326550618 0.0364195178221983 0.107412762046228 0.0765023539512544 0 0.212899811963806 0 0 0 0 0.146013646697897 0.0166270363236667 0 0.0164917791162225 0.143063873970264 0.0368481460614512 0.123857696070701 0 0 0 0 0 0
0.105459609366048 0.287524706396881 0.512391588020553 0.383035933469363 0.197176581923297 0.199711610009257 0.712926840143198 0.294890651821932 0.110018042451049 0.49591213202148 1 0.325527222127919 0.189040406865477 0.00368942571519739 0.747732161213735 0.357633490152181 0.223197367623394 0.115597157335184 0.55408738035526 0.595178669266149 0.181734269125443 0.697239908413712 0.107982813544259 0.542758770556977 0.416823605408118 0.417353581979368 0.40031637911097 0.262620531725651 0.287139968878784 0.0136879350069474 0.221924427063909 0.406275012567934 0.220159790446043 0.156309980243195 0.0633775188558062 0.0589746244845718 0.151154540041071 0 0 0.247257811002442 0.249154591150123 0 0 0.0132679220261616 0.393234731551361 0 0.399194667364698 0.246170871910289 0.311544839712675 0.26760164648925 0 0.388758625750089 0.578774971012881 0.447449442478316 0.334739383446924 0.348065629240504 0 0.287116430994662 0.384993854127497 0.37889766467093 0 0.326748939936744 0 0 0.0652557352206426 0.0796699926119732 0 0 0 0.0267629879316235 0.0642756107724352 0 0 0 0 0 0 0 0 0 0.1734993187149 0 0 0 0 0 0 0 0 0 0 0 0 0.00347631558034597 0 0.233069015731205 0 0.0697128833050368 0 0.197838459995944 0 0.0532177947780984 0 0 0 0 0 0 0 0 0 0 0 0 0 0 0 0 0 0 0 0 0 0.335537427321544 0.197246749871047 0.117839202197145 0.109720459088884 0.184268308710736 0.212554832541474 0 0.163137725415691 0.107746462259111 0.155908421942871 0.142595529391973 0.118981763362044 0 0 0.31292333039175 0.142631434039134 0 0.103157675195869 0.0986765143289307 0.0881154573428599 0 0.152744765237376 0.249178801562481 0 0.143413400506343 0.0993590520484579 0.378437823670054 0 0.116669733929451 0.289954473023817 0.0574241699217351 0 0 0 0 0 0 0 0 0 0 0 0 0.283530330811603 0.18959467989897 0 0 0 0 0 0 0 0 0 0 0 0 0 0.396640992560797 0 0.062528807275928 0 0 0.15856285744149 0.264746932444541 0.237959631317736 0.0609092921828809 0.389088371099861 0 0 0.258652306081195 0 0.171059845063036 0 0.198246775533215 0.0538983079836639 0.0886024427216074 0 0.0967770374876069 0 0.147070058303485 0 0 0 0 0 0 0 0 0 0 0 0.0658406281434638 0 0 0 0 0 0 0 0 0 0 0 0 0 0 0.268862948215083 0 0 0 0.0534211156861148 0.0634330521935601 0 0 0 0 0 0 0 0.212309304066702 0.186884013747712 0 0 0.10635512686517 0 0.0285653615141112 0 0.0476822831460447 0.0498801412642097 0 0 0 0 0 0 0 0 0 0 0 0.0206720779859245 0.0252717508522149 0 0.0862610676833354 0 0 0.0272171319027229 0.0978926421834668
0 0.171632904263816 0.305963290972988 0.173350911021564 0.320518255248037 0 0.190237613929431 0.53801828249976 0.459642078496019 0.0190850522274063 0.325527222127919 1 0.217552170314499 0.157968115403456 0.423904685557875 0 0.4308347405319 0.103026256011478 0.277869780646632 0.169082075720171 0.537563667557038 0.391605347021411 0.076500044185288 0.582085989275843 0.541688431021873 0 0.183753858511297 0.299905841153817 0.495862823003625 0 0.0591409199803516 0.21045195524568 0.0978643919313909 0.0800763035902581 0.0556920862000446 0.110622251688061 0 0.0169794284821616 0 0.105731135407362 0.0685468421771948 0 0 0.177923253983314 0.0811224429966164 0 0.161756062726456 0.041408369879624 0.0837125086418499 0.0900843813172685 0.0106370274880376 0.091727483599106 0.110030899907237 0.218279290446241 0 0.077554735939094 0.110444375055078 0.31442534262287 0.222675361283314 0.17232074220247 0.0630511029996172 0 0 0 0.00474834286843163 0.0266062331668696 0 0 0 0 0.0507500291545447 0 0 0 0.0218451305390246 0 0 0 0 0 0 0 0 0 0 0.0630527777877265 0 0 0 0 0 0 0 0.00574353639168837 0 0.122831023337966 0 0 0.254075056955596 0 0 0 0.180357063186931 0.184060485073654 0 0 0.0470648246604798 0 0.0105168161049596 0 0.0516964414122951 0.0795845428044833 0.0408269377901533 0 0.10107677189113 0.0825812512091059 0 0.0619935329592702 0.0401619869226045 0 0 0 0 0 0 0.0502834690219546 0 0.0562181468956144 0 0 0 0.0516257637684455 0 0 0 0 0 0.272189029198745 0.21415629492244 0 0 0 0 0 0.0737209281988874 0 0 0 0 0.0793175233615459 0 0.0595942620803493 0.207911086285724 0 0 0 0 0 0 0 0 0 0 0 0.0615898752866163 0 0.114639507343895 0.0386594248041271 0 0 0 0 0 0 0 0 0 0 0 0 0 0.00448698659724827 0 0.073270514922116 0 0 0.0550874812228588 0.180991876690959 0.0523610774172922 0.0289200301222128 0 0 0 0.0881959918870278 0 0.0631558605704123 0 0.0377821767317671 0 0 0 0 0 0 0.021844691387755 0 0 0.054322490056741 0 0.0401189205462954 0 0 0 0 0.175669508740606 0.0563042865990658 0 0 0 0 0 0 0 0 0 0 0 0 0 0 0.150774978592144 0 0 0 0 0 0 0 0.0450243658101391 0 0 0 0.00693037796498231 0.240303883013532 0 0 0 0.079522908351567 0 0.0275985771782767 0 0 0 0 0 0 0 0 0.184169586753282 0 0 0 0 0.0453534068704291 0.179084988461863 0.224691246326003 0.11562693623971 0.211686994456823 0.0199123091041503 0.000179723243270882 0.17648159888174 0.233197629547268
0.155530584085909 0.0523368296329671 0.151185314812859 0.106381982707769 0 0.12678138634078 0.19237693493114 0.510662308400588 0.187224405996976 0.084182837398343 0.189040406865477 0.217552170314499 1 0.637036105211654 0.162322073693146 0.176897032517033 0.2652308691375 0.524531846006862 0.240195059552761 0.40306480659826 0.488004391343141 0.182587330970234 0.0264091950896119 0.273587405827395 0.196721182835132 0.313560760389915 0.0519339239824873 0.233270811099119 0.145251878526961 0.515599197434868 0.290739775827178 0.322397823188093 0.209375941312705 0.211399946491108 0.0927894970145084 0.240168689141871 0.173454500123676 0 0 0.272949146658658 0.165504568692662 0 0 0.378096364762161 0.0273280269613148 0.004145753994245 0.156936768669551 0.105121231093622 0 0 0.212872316569185 0.331743441160218 0.167940013518932 0.248492281409233 0.127725635900675 0.0727035816188969 0 0.376194280207137 0.545344532958672 0.345767145446013 0.493379005344398 0 0 0.0216708319693666 0 0 0 0 0 0.0909992599816705 0.267626961508251 0 0 0 0 0 0 0 0 0 0 0 0 0 0 0 0 0 0.0586619561546895 0 0 0 0 0 0 0.0996403818688044 0 0 0.0484839213981429 0 0 0.0106075334477859 0 0 0 0 0 0 0 0 0 0 0 0 0.0644876975410059 0 0 0.00916856026375409 0 0 0 0 0 0.361652891105191 0 0.0549231790335123 0 0 0.0472700652343643 0 0.179913572594413 0 0.0525103484897344 0.122238187006967 0.19046757834989 0.0514849783033244 0.0274812224800934 0.00582886046975557 0.00313778450235761 0 0.0209598583854541 0 0.226660924663377 0 0.0100237788205661 0.240401699629097 0.0125162066213152 0.106649110965008 0 0.131822923518084 0 0 0 0 0 0 0 0 0 0 0 0.0837247031024252 0 0 0.304884064563059 0.0353190665389914 0.119060237652051 0.342560290797291 0 0 0 0 0 0 0 0 0.0568074049739908 0.0839868290661984 0 0.13630489599033 0.0803888054464932 0.0974469414068793 0 0.274213632180561 0 0 0.145187881946606 0.00926364641714348 0 0.0708375440433695 0 0 0.115659054165818 0 0.1468483372168 0.148152548425432 0 0.0275188089662217 0.115326468768867 0 0 0 0 0 0.177649252319687 0 0.159072297068369 0.0036533891163603 0 0 0.117696226834824 0.0779015194748744 0 0 0.0244486203013609 0.211994371739372 0 0 0 0 0.0383578879029728 0.0693445795355236 0 0 0.0238128066959633 0.201103129042811 0.0294677367737419 0 0 0 0.27291013647052 0.0817832677997 0.225942897006203 0.125258759174254 0.340408658206209 0.0967310189574529 0.00696268236052878 0 0 0.111099198013317 0 0 0 0.138407167544976 0 0 0 0 0 0 0 0 0 0.0292331431309349 0.154532768542723 0.0739276437018022 0 0 0 0.0340811246009117 0 0 0 0.0804403328586039 0.00820576523678232 0 0 0.0560564786157018 0.13254956691513 0 0 0
0.144969081898917 0.105370340030107 0.122446540408674 0 0 0.0398124010342879 0.0509279202762089 0.446216955695951 0.276188424762149 0 0.00368942571519739 0.157968115403456 0.637036105211654 1 0.0185327692574802 0 0.366796225006385 0.322858998825647 0.240367703379504 0.149450389522451 0.4278244013532 0 0 0.358374064748828 0.0854279976362426 0.214346690631365 0.0216007437154136 0.110002052253873 0.173310355403871 0.681623354897915 0.158624097259484 0.166479691991293 0.18271413756815 0.204956708445796 0.0989158008706703 0.273442271438225 0.108565870990321 0 0.0221424246451386 0.183458062281494 0.295260729143585 0.0932031493492988 0.046956498519294 0.415123741822456 0.148325039707488 0 0.124960514492246 0.0978997214322672 0 0.106658164253856 0.108259364246274 0.380492571024606 0.0775689746603367 0.0737850978514254 0.179514224780167 0.0338942357214943 0.0402998299250271 0.204405511324377 0.492288416373 0.259860880103601 0.582169807855401 0.0141376027747691 0 0 0 0 0 0 0 0.0338830919172169 0.217274625430425 0 0 0 0 0 0 0 0 0 0 0 0 0 0 0 0 0 0.0461324456593941 0 0 0 0 0 0 0.074553773281408 0.0237166520541432 0 0.0502929423979899 0.108568211108512 0 0.033741283810697 0 0 0.0282931123996259 0 0 0 0.099121724639329 0.0768600166601392 0 0.0425045373222211 0 0 0 0 0 0.0442902274530185 0 0 0 0.00533877359113172 0 0.264191624061379 0 0.0354982181281036 0 0 0 0 0.0646555359708307 0 0.0197898071922967 0.01739975776434 0.0432861346080408 0.111726540082353 0.0348664648207321 0 0 0 0 0 0.199520380477518 0.103364712433836 0 0 0.0444916888044601 0.0466023879103237 0 0 0 0 0 0 0 0 0 0 0.114244066925203 0 0.0309176542955172 0.228935121967443 0 0.00982953521556663 0.536152477060702 0.230184827961859 0.0168209075713063 0.206062360321328 0.0637276820041829 0.044944654650246 0 0 0 0 0 0 0.156750610275163 0.105473926902395 0.0253561469035184 0.178434704488865 0.0336513097306941 0 0 0.0338321065037226 0 0.0238961491669868 0.148791960977327 0.0352383049978904 0 0.0153300829460639 0 0 0 0.0930738700535001 0.09336184135769 0.195444514639806 0 0 0.0153268354353951 0 0 0 0 0 0.168397024580644 0.00212401910358431 0.148421123790356 0.00821694275163063 0.204206366150612 0 0.155320870946473 0.250207509019112 0.0298768958742968 0 0.0166497391474066 0.31404949875243 0.0190618940282178 0 0 0 0.0894328970513614 0 0.0109360871096653 0.137084450158732 0.153787801267522 0.12060510648811 0.153862090533521 0.017582911330679 0 0 0.0779863571124904 0.212432500011394 0.0827435406207805 0.175663369079381 0.111601680918225 0.0533798268093113 0.0235971127729811 0 0 0.0662942872576222 0.0332098331124847 0 0 0.142603831004699 0 0.0748129973591031 0.0511969143648729 0 0 0 0 0 0 0 0.121770189122178 0.0169749631609561 0 0 0 0 0 0 0.00523733543964088 0.11538509842962 0.119465587339253 0.110555264113737 0 0.0185253510161751 0.112460455220085 0 0 0
