1 0.332776920249919 0.490472637710277 0.161630276595139 0.363061372643316 -0.21612398271761 -0.113379860261958 0.0551670774997769 0.635704519492374 -0.271742346358907 0.421985945955107 -0.213476943403643
0.332776920249919 1 0.185559304662877 0.316086311978805 -0.149526928263369 -0.0693389963261262 -0.180076786693221 0.0865073200529663 0.0529107118148377 0.156822676684863 -0.132927334846668 -0.165319379292731
0.490472637710277 0.185559304662877 1 0.810701141521412 0.341404634625189 0.155048441433794 0.0268235747244109 0.316672770092776 0.524778388776007 0.245370438366583 0.485280874450581 0.228177060827016
0.161630276595139 0.316086311978805 0.810701141521412 1 0.0448034215367013 0.245617737762077 0.00059798506140826 0.412952296789096 0.194706950326485 0.464773153250585 0.147239817810516 0.27929520377504
0.363061372643316 -0.149526928263369 0.341404634625189 0.0448034215367013 1 0.358833228302818 0.00223380211024335 0.0973217450002417 0.435985618199937 -0.123341188398705 0.702878152549925 0.40749082456955
-0.21612398271761 -0.0693389963261262 0.155048441433794 0.245617737762077 0.358833228302818 1 0.115033435428665 0.299857259294626 -0.0761354701136541 0.266649188075589 0.240091096625364 0.700005482047475
-0.113379860261958 -0.180076786693221 0.0268235747244109 0.00059798506140826 0.00223380211024335 0.115033435428665 1 0.452585631744481 -0.159312053085192 -0.0529066881642624 -0.127352603282362 -0.113097377057986
0.0551670774997768 0.0865073200529663 0.316672770092776 0.412952296789096 0.0973217450002417 0.299857259294626 0.452585631744481 1 -0.0105749610027903 0.167464802360695 0.0375438350114737 0.169982059638547
0.635704519492374 0.0529107118148378 0.524778388776007 0.194706950326485 0.435985618199937 -0.0761354701136541 -0.159312053085192 -0.0105749610027903 1 0.203469101285304 0.632905102246727 0.18545098557447
-0.271742346358907 0.156822676684863 0.245370438366583 0.464773153250585 -0.123341188398705 0.266649188075589 -0.0529066881642624 0.167464802360695 0.203469101285304 1 -0.0355467511838214 0.430922017916229
0.421985945955107 -0.132927334846668 0.485280874450581 0.147239817810516 0.702878152549925 0.240091096625364 -0.127352603282362 0.0375438350114737 0.632905102246727 -0.0355467511838214 1 0.448267651027115
-0.213476943403643 -0.165319379292731 0.228177060827016 0.27929520377504 0.40749082456955 0.700005482047475 -0.113097377057986 0.169982059638547 0.18545098557447 0.430922017916229 0.448267651027115 1
