1 0.916161733646019 0.48825915325598 0.577170075106043 0.605728085864084 0.640746955874004 0.301912580401848 0.0821033144709281 0.666610439891701 0.433745949896496 0.518516659730645 0.505755459599481
0.916161733646019 1 0.500215808835954 0.624172155322089 0.534919698324744 0.597988848080833 0.210736099531409 0.0947069011355909 0.610119194857291 0.492789183317213 0.515366383393375 0.570605975078165
0.48825915325598 0.500215808835954 1 0.881699168287651 0.625266481989385 0.5681109898941 0.166542774196399 0.0325834568206295 0.498950299880169 0.436885602346172 0.707693954815966 0.640883367577325
0.577170075106043 0.624172155322089 0.881699168287651 1 0.526620732909568 0.530537477947448 0.215623509048125 0.062609008754823 0.46539906896307 0.516304497404433 0.609730270522652 0.66853674172078
0.605728085864084 0.534919698324744 0.625266481989385 0.526620732909569 1 0.799000571420804 0.207990132009829 0.208599688506496 0.586304349426884 0.521537688783136 0.705852888930041 0.651363362106806
0.640746955874004 0.597988848080833 0.5681109898941 0.530537477947448 0.799000571420804 1 0.180033122696822 0.215575169346619 0.570076926513992 0.483446047395126 0.68525610724768 0.634226627946138
0.301912580401848 0.210736099531409 0.166542774196399 0.215623509048125 0.207990132009829 0.180033122696822 1 0.124635129312978 0.159084078749204 0.177215360822311 0.284507193490328 0.23770017821861
0.0821033144709281 0.0947069011355909 0.0325834568206295 0.062609008754823 0.208599688506496 0.215575169346619 0.124635129312978 1 0.119028791707498 0.227285807790023 0.185660841847829 0.357857021374928
0.666610439891701 0.610119194857291 0.498950299880169 0.46539906896307 0.586304349426884 0.570076926513992 0.159084078749204 0.119028791707498 1 0.578159588711983 0.740749129304192 0.610787969977663
0.433745949896496 0.492789183317213 0.436885602346172 0.516304497404433 0.521537688783136 0.483446047395126 0.177215360822311 0.227285807790023 0.578159588711983 1 0.553420867139651 0.799287858960278
0.518516659730645 0.515366383393375 0.707693954815966 0.609730270522652 0.705852888930041 0.68525610724768 0.284507193490328 0.185660841847829 0.740749129304192 0.553420867139651 1 0.765935775661948
0.505755459599481 0.570605975078165 0.640883367577325 0.66853674172078 0.651363362106806 0.634226627946138 0.23770017821861 0.357857021374928 0.610787969977663 0.799287858960278 0.765935775661948 1
