1 0.708969554914232 0.67697956514249 0.551237424136812 0.301452307871883 0.556814928137064 0.0242482919682486 0.379162737108826 0.615652888715354 0.59596146487462 0.667619292002963 0.514488921429545
0.708969554914232 1 0.386995338218222 0.362828231383686 0.189868973483316 0.416365750412886 0 0.414192642574473 0.340430937444445 0.483091136258547 0.394958186081325 0.401868642144801
0.67697956514249 0.386995338218222 1 0.933320810291911 0.477415399048194 0.665335787828958 0.366793932811559 0.450333594481496 0.738240238658504 0.720599116587421 0.783845599834972 0.71907033714298
0.551237424136812 0.362828231383686 0.933320810291911 1 0.500268087560097 0.625249783225298 0.341024359063793 0.463550203853213 0.646958740882644 0.724437514389308 0.732980925216442 0.738902550451424
0.301452307871883 0.189868973483316 0.477415399048194 0.500268087560097 1 0.62010479755996 0.286188282822419 0.390108448171299 0.565143266563863 0.558640190242561 0.521283709540948 0.602172135692761
0.556814928137064 0.416365750412886 0.665335787828958 0.625249783225298 0.620104797559959 1 0.223184427407287 0.486190098622185 0.611609464022454 0.706460285792185 0.780295879186798 0.798599705093613
0.0242482919682486 0 0.366793932811559 0.341024359063793 0.286188282822419 0.223184427407287 1 0.513354253297218 0.257483387323675 0.206606949871174 0.20805924685575 0.179768942274748
0.379162737108826 0.414192642574473 0.450333594481496 0.463550203853213 0.390108448171299 0.486190098622185 0.513354253297218 1 0.305777629667201 0.424764320665989 0.475837767378226 0.436273003207623
0.615652888715354 0.340430937444445 0.738240238658504 0.646958740882644 0.565143266563863 0.611609464022454 0.257483387323675 0.305777629667201 1 0.803337711850649 0.656021448205362 0.620901991906483
0.59596146487462 0.483091136258547 0.720599116587421 0.724437514389308 0.558640190242561 0.706460285792185 0.206606949871174 0.424764320665989 0.803337711850649 1 0.755772698896331 0.854575090848902
0.667619292002963 0.394958186081325 0.783845599834972 0.732980925216442 0.521283709540948 0.780295879186798 0.20805924685575 0.475837767378226 0.656021448205362 0.755772698896331 1 0.828579713546517
0.514488921429545 0.401868642144801 0.71907033714298 0.738902550451424 0.602172135692761 0.798599705093613 0.179768942274748 0.436273003207623 0.620901991906483 0.854575090848902 0.828579713546517 1
