1 0.449362331066727 0.410143208633346 0.367378857798153 0.251896959355246 0.395069765108532 0.22585915298666 0.109587255977169 0.511317689895567 0.513710772581166 0.593559463251963 0.522867622217277
0.449362331066727 1 0.165492495575536 0.233514658831199 0 0.250711846226874 0.0925096649288738 0.197669573407877 0.169171447620604 0.372347597759077 0.199613801940107 0.345923798507641
0.410143208633346 0.165492495575536 1 0.87396046468748 0.411713601360523 0.27940255411584 0.365031011801444 0.338619314234804 0.603380374793817 0.495681368987864 0.647783410978102 0.694604327180335
0.367378857798153 0.233514658831199 0.87396046468748 1 0.395360374573443 0.360770385036965 0.277608243648412 0.2792413144643 0.44060600166183 0.495404727118622 0.579865826002655 0.749557645425934
0.251896959355246 0 0.411713601360523 0.395360374573443 1 0.189736549201556 0.0330333660154985 0.132809798220399 0.483684956365083 0.48249396402016 0.507594645028197 0.357125875074797
0.395069765108532 0.250711846226874 0.27940255411584 0.360770385036965 0.189736549201556 1 0.0699294825178505 0.0432022027061863 0.144889471304013 0.282928855273872 0.301763537075446 0.372477397707642
0.22585915298666 0.0925096649288738 0.365031011801444 0.277608243648412 0.0330333660154985 0.0699294825178505 1 0.31690548675155 0.371212872792782 0.139596528445181 0.292668689858309 0.339391091385725
0.109587255977169 0.197669573407877 0.338619314234804 0.2792413144643 0.132809798220399 0.0432022027061863 0.31690548675155 1 0.176760002740095 0.209718189628199 0.104127524052486 0.189997040040399
0.511317689895567 0.169171447620604 0.603380374793817 0.44060600166183 0.483684956365083 0.144889471304013 0.371212872792782 0.176760002740095 1 0.757656535616236 0.644018801858658 0.521055207941479
0.513710772581166 0.372347597759077 0.495681368987864 0.495404727118622 0.48249396402016 0.282928855273872 0.139596528445181 0.209718189628199 0.757656535616236 1 0.555521560566869 0.575870720033795
0.593559463251963 0.199613801940107 0.647783410978102 0.579865826002655 0.507594645028197 0.301763537075446 0.292668689858309 0.104127524052486 0.644018801858659 0.55552156056687 1 0.729570422329472
0.522867622217277 0.345923798507641 0.694604327180335 0.749557645425934 0.357125875074797 0.372477397707642 0.339391091385725 0.189997040040399 0.521055207941479 0.575870720033795 0.729570422329472 1
