1 0.739154986165037 0.366983202367596 0.288840990210079 0.205409161073549 0.311698924226655 0 0 0.103592696602307 0.290452788257165 0.302732145292675 0.382046300473611
0.739154986165037 1 0.223397451903905 0.241654072071763 0.121401538549228 0.155154204808605 0.0609491621924687 0 0 0.361916797470289 0.106522558130973 0.308054572133649
0.366983202367596 0.223397451903905 1 0.841621962309141 0.280412807361963 0.194627124405964 0.149170911944555 0.182500363369239 0.332321764012395 0.343699180968247 0.420725100211782 0.388853844807125
0.288840990210079 0.241654072071763 0.841621962309141 1 0.0989413541239883 0.133955216973456 0.22499376978493 0.209967492489617 0.0417413094538023 0.232125949814475 0.207620697167001 0.285182513555786
0.205409161073549 0.121401538549228 0.280412807361963 0.0989413541239883 1 0.0881970624974913 0 0.125208604778944 0.308458966631636 0.00342277515901214 0.159660167974357 0
0.311698924226655 0.155154204808605 0.194627124405964 0.133955216973456 0.0881970624974913 1 0.0581210511794134 0.167193029859259 0.244462427467021 0.411261909807132 0.262327675467917 0.416665294081759
0 0.0609491621924687 0.149170911944555 0.22499376978493 0 0.0581210511794134 1 0.6946987452127 0.0525501823511245 0.102192984054886 0 0
0 0 0.182500363369239 0.209967492489618 0.125208604778944 0.167193029859259 0.6946987452127 1 0.142660511769455 0.0122070085580332 0 0
0.103592696602307 0 0.332321764012395 0.0417413094538022 0.308458966631636 0.244462427467021 0.0525501823511245 0.142660511769455 1 0.390072855677776 0.252505833870971 0.297043487228024
0.290452788257165 0.361916797470289 0.343699180968247 0.232125949814475 0.00342277515901214 0.411261909807132 0.102192984054886 0.0122070085580332 0.390072855677776 1 0.0888632271865877 0.52323735195443
0.302732145292675 0.106522558130973 0.420725100211782 0.207620697167001 0.159660167974357 0.262327675467917 0 0 0.252505833870971 0.0888632271865877 1 0.526107175825068
0.382046300473611 0.308054572133649 0.388853844807125 0.285182513555786 0 0.416665294081759 0 0 0.297043487228024 0.52323735195443 0.526107175825068 1
