1 0.829739393917448 0.757494922182076 0.54346505581038 0.670991622574168 0.689140595247162 0.256259749579003 0.419497126131826 0.707742355289342 0.676822267426426 0.737369599443134 0.691644925186742
0.829739393917448 1 0.562866315589875 0.610709051904549 0.402108559337908 0.618423599945797 0.162155798139759 0.22657505463267 0.364674769976256 0.644508367474726 0.447028715935825 0.659922482971778
0.757494922182076 0.562866315589875 1 0.790156567725295 0.656076354266744 0.641163251248145 0.150793488759581 0.400210942997345 0.654663718421551 0.623766420797706 0.712785330349215 0.648872196620064
0.54346505581038 0.610709051904549 0.790156567725295 1 0.324467641145246 0.529550797517655 -0.0227776805265706 0.156509144520514 0.338315849316768 0.625190273806473 0.406173216594995 0.631798102565781
0.670991622574168 0.402108559337908 0.656076354266744 0.324467641145246 1 0.752416833832014 0.136724506292983 0.392726079000961 0.648026830549785 0.45044746556796 0.707029426314074 0.514399532937892
0.689140595247162 0.618423599945797 0.641163251248145 0.529550797517655 0.752416833832014 1 0.151551560558127 0.377458120152041 0.582129628183002 0.692915143589393 0.700925775536399 0.755347391560464
0.256259749579003 0.162155798139759 0.150793488759581 -0.0227776805265706 0.136724506292983 0.151551560558127 1 0.373734194151306 0.256882255669514 0.276316078190865 0.264856623582384 0.256157630172135
0.419497126131826 0.22657505463267 0.400210942997345 0.156509144520514 0.392726079000961 0.377458120152041 0.373734194151306 1 0.316678588503879 0.304193848985707 0.373902622266815 0.333596324685065
0.707742355289341 0.364674769976256 0.654663718421551 0.338315849316768 0.648026830549785 0.582129628183002 0.256882255669514 0.316678588503879 1 0.702577292094664 0.917475677782145 0.663893520500836
0.676822267426426 0.644508367474726 0.623766420797706 0.625190273806473 0.45044746556796 0.692915143589393 0.276316078190865 0.304193848985707 0.702577292094664 1 0.697013815384404 0.891100840642399
0.737369599443134 0.447028715935826 0.712785330349215 0.406173216594995 0.707029426314074 0.700925775536399 0.264856623582384 0.373902622266815 0.917475677782145 0.697013815384404 1 0.716063832486345
0.691644925186742 0.659922482971778 0.648872196620064 0.631798102565781 0.514399532937892 0.755347391560464 0.256157630172135 0.333596324685065 0.663893520500837 0.891100840642399 0.716063832486345 1
