0 0 0 0 0 -0.0219077772999354 0 -0.0636372507159223 0 -0.105419465611341 0 0
0 0 0 0 0 -0.0690882576831747 0 -0.0616734700880912 0 -0.139407873087416 0 0
0 0 0 0 0 -0.0525045156491249 0 0 0 -0.0188405288362312 0 0
0 0 0 0 -0.0770013824961803 -0.0665663862438843 -0.0870476611722121 0 0 -0.0163347211296161 0 0
0 0 0 -0.0770013824961803 0 0 0 0 0 0 0 -0.102172078411606
-0.0219077772999354 -0.0690882576831747 -0.0525045156491249 -0.0665663862438843 0 0 0 -0.0159842182506115 -0.275675505542424 -0.096130859190797 -0.0855310067600209 -0.00963414142795649
0 0 0 -0.0870476611722121 0 0 0 0 0 0 0 0
-0.0636372507159223 -0.0616734700880912 0 0 0 -0.0159842182506115 0 0 0 0 0 0
0 0 0 0 0 -0.275675505542424 0 0 0 0 0 0
-0.105419465611341 -0.139407873087416 -0.0188405288362312 -0.0163347211296161 0 -0.096130859190797 0 0 0 0 -0.118957954374826 -0.00946518211224047
0 0 0 0 0 -0.0855310067600209 0 0 0 -0.118957954374826 0 0
0 0 0 0 -0.102172078411605 -0.00963414142795649 0 0 0 -0.00946518211224048 0 0
