1 0.907218365751757 0.626103125978883 0.518757145695517 0.527834166770001 0.270470073818457 0.229304531556372 0.312957207762886 0.60581712537621 0.483057463373451 0.568913074691354 0.608642433817379
0.907218365751757 1 0.568156081654277 0.512484184580157 0.478882400134402 0.267401148899294 0.288446954845 0.347375416816193 0.50082544625596 0.503307630792285 0.437121558142412 0.598503841728628
0.626103125978883 0.568156081654277 1 0.919763951043522 0.526050862635378 0.220399866855934 0.325080455650992 0.368350036183013 0.640519060420907 0.356339189946438 0.540531114293613 0.509172942867066
0.518757145695517 0.512484184580157 0.919763951043523 1 0.46775629699386 0.221650530656951 0.286268300340774 0.32758128254759 0.474536936466367 0.223640180481628 0.398406087842724 0.418803505314719
0.527834166770001 0.478882400134402 0.526050862635378 0.46775629699386 1 0.281133612122191 0.461861917920599 0.406386710249197 0.550923134179334 0.499105205133427 0.553540033794682 0.601187894786907
0.270470073818457 0.267401148899294 0.220399866855934 0.221650530656951 0.281133612122191 1 0.19541057511202 0.0475815682321726 0.142169039470987 0.106233435086339 0.128390141420746 0.0653790754929233
0.229304531556372 0.288446954845 0.325080455650992 0.286268300340774 0.461861917920599 0.19541057511202 1 0.461729767635749 0.311804585605066 0.348532854001597 0.222377189043991 0.309287148985211
0.312957207762886 0.347375416816193 0.368350036183013 0.32758128254759 0.406386710249197 0.0475815682321726 0.461729767635749 1 0.504262397897843 0.303707015586973 0.301023623418279 0.286362638007387
0.60581712537621 0.50082544625596 0.640519060420907 0.474536936466367 0.550923134179334 0.142169039470987 0.311804585605066 0.504262397897843 1 0.585805133549779 0.718360076176165 0.56362355304794
0.48305746337345 0.503307630792285 0.356339189946438 0.223640180481628 0.499105205133427 0.106233435086339 0.348532854001597 0.303707015586973 0.585805133549779 1 0.560802276154132 0.810193168057214
0.568913074691354 0.437121558142412 0.540531114293613 0.398406087842724 0.553540033794682 0.128390141420746 0.222377189043991 0.301023623418279 0.718360076176165 0.560802276154132 1 0.713427960510381
0.608642433817379 0.598503841728628 0.509172942867066 0.418803505314719 0.601187894786907 0.0653790754929233 0.309287148985211 0.286362638007387 0.56362355304794 0.810193168057214 0.713427960510381 1
