0 0 0 0.415829108250605 0 0 0 0.294404086442658 0 0 0 0.182001382904267
0 0 0 0 0 0 0 0.226628175922277 0 0 0.0568101546972545 0
0 0 0 0 0 0 0 0 0 0 0 0
0.415829108250605 0 0 0 0.138781141001537 0 0 0 0.392474586137128 0 0.0941807974206485 0
0 0 0 0.138781141001537 0 0 0 0 0 0 0 0.0239984238878298
0 0 0 0 0 0 0 0.0958318260528837 0.109712162432576 0 0 0
0 0 0 0 0 0 0 0 0.0266231361039627 0 0.0968493392318412 0
0.294404086442658 0.226628175922277 0 0 0 0.0958318260528837 0 0 0.106594446833855 0 0.17190406438983 0
0 0 0 0.392474586137128 0 0.109712162432576 0.0266231361039627 0.106594446833855 0 0 0 0.405841505402597
0 0 0 0 0 0 0 0 0 0 0.0140987978454543 0
0 0.0568101546972545 0 0.0941807974206485 0 0 0.0968493392318412 0.17190406438983 0 0.0140987978454543 0 0
0.182001382904267 0 0 0 0.0239984238878298 0 0 0 0.405841505402597 0 0 0
