1 0.922032177476328 0.853183000552719 0.777154651657433 0.433119788528 0.757522133268022 0.406938477544298 0.351207746199423 0.890177097281953 0.674915760392208 0.75201111810983 0.737555223658348
0.922032177476328 1 0.799173508809094 0.808247861224713 0.452584984975592 0.810153790831238 0.359200763985889 0.318232467801144 0.790928962236526 0.758256148485793 0.729592982879175 0.783447393820769
0.853183000552719 0.799173508809094 1 0.915579294331671 0.482565051250987 0.713111419782517 0.392147439555188 0.367116806313166 0.888390361687449 0.676760600305275 0.795371644974837 0.817747784032972
0.777154651657433 0.808247861224713 0.915579294331671 1 0.541008867121222 0.804280777729362 0.366697691390608 0.312437356577824 0.790328966900983 0.742132873043863 0.775295063891641 0.862616390521568
0.433119788528 0.452584984975592 0.482565051250987 0.541008867121222 1 0.548573122210204 0.138164145878346 0.136164556740165 0.505044387964282 0.42588776175424 0.72535188941304 0.575202188851596
0.757522133268022 0.810153790831238 0.713111419782517 0.804280777729362 0.548573122210204 1 0.216699209540544 0.242783835682613 0.711668784878741 0.761272885852229 0.74372533722756 0.8476723575219
0.406938477544298 0.359200763985888 0.392147439555188 0.366697691390608 0.138164145878346 0.216699209540544 1 0.188961542634349 0.391379404518981 0.164932293685413 0.346770114413991 0.242465513083304
0.351207746199423 0.318232467801144 0.367116806313166 0.312437356577824 0.136164556740165 0.242783835682613 0.188961542634349 1 0.307867325699878 0.234779090062777 0.178930451059696 0.223486483223138
0.890177097281953 0.790928962236526 0.888390361687449 0.790328966900983 0.505044387964282 0.711668784878741 0.391379404518981 0.307867325699878 1 0.681003791676792 0.855164923863195 0.794192816016111
0.674915760392208 0.758256148485793 0.676760600305275 0.742132873043863 0.42588776175424 0.761272885852229 0.164932293685413 0.234779090062777 0.681003791676792 1 0.634172288930491 0.772522009215332
0.75201111810983 0.729592982879175 0.795371644974837 0.775295063891641 0.72535188941304 0.74372533722756 0.346770114413991 0.178930451059696 0.855164923863195 0.634172288930491 1 0.869541620644518
0.737555223658348 0.783447393820769 0.817747784032972 0.862616390521568 0.575202188851596 0.8476723575219 0.242465513083304 0.223486483223138 0.794192816016111 0.772522009215332 0.869541620644518 1
