1 0.937463279746474 0.860154719735343 0.794022999586562 0.761231308107358 0.758086270605776 0.395866929511047 0.569729642262157 0.837226840545583 0.735029666518221 0.863304542132905 0.748675337222904
0.937463279746474 1 0.805814180300531 0.817417457539784 0.746422682848857 0.843433994987603 0.317604779876545 0.569487022824466 0.732984471121893 0.802364323273636 0.779224364805667 0.79531382835714
0.860154719735343 0.805814180300531 1 0.943743653112949 0.800834776469585 0.705098572684601 0.47451659280295 0.569795753578233 0.88063807488426 0.817429450420204 0.881103627166696 0.816247889461344
0.794022999586562 0.817417457539784 0.943743653112948 1 0.7714585504887 0.737043977051937 0.426471514274836 0.57113124080553 0.796057910770003 0.865443151080159 0.813660480285141 0.854843502209505
0.761231308107358 0.746422682848857 0.800834776469585 0.7714585504887 1 0.730931844777585 0.377773925077802 0.51670568154251 0.764024051958063 0.6995492358415 0.822155956765581 0.740914651435497
0.758086270605776 0.843433994987603 0.705098572684601 0.737043977051937 0.730931844777585 1 0.278759035730994 0.460391358369268 0.675271477787689 0.770178026173079 0.762683512872875 0.846611418766629
0.395866929511047 0.317604779876545 0.47451659280295 0.426471514274836 0.377773925077802 0.278759035730994 1 0.531043963022687 0.487952726004112 0.371247828375482 0.424023234727152 0.381968120220896
0.569729642262157 0.569487022824466 0.569795753578233 0.57113124080553 0.51670568154251 0.460391358369268 0.531043963022687 1 0.553799655309681 0.496363057677401 0.522336505222934 0.479625155383762
0.837226840545583 0.732984471121893 0.88063807488426 0.796057910770003 0.764024051958063 0.675271477787689 0.487952726004112 0.553799655309681 1 0.792384554043239 0.907072465955624 0.760572036200603
0.735029666518221 0.802364323273635 0.817429450420204 0.865443151080159 0.6995492358415 0.770178026173079 0.371247828375482 0.496363057677401 0.792384554043239 1 0.778841353625287 0.906427513557394
0.863304542132905 0.779224364805667 0.881103627166696 0.813660480285141 0.822155956765581 0.762683512872875 0.424023234727152 0.522336505222934 0.907072465955624 0.778841353625287 1 0.851109037563785
0.748675337222904 0.79531382835714 0.816247889461344 0.854843502209505 0.740914651435497 0.846611418766629 0.381968120220896 0.479625155383762 0.760572036200603 0.906427513557395 0.851109037563785 1
