1 0.917035507517745 0.742007743267863 0.720894656057358 0.170020410993253 0.577080831667979 -0.0196470519825298 0.448813267987568 0.0767580047795273 0.312654086077117 0.672943910710875 0.724600360202842
0.917035507517745 1 0.746548256724869 0.755513041631809 0.187991111662982 0.684366403945054 0.0210267216220714 0.528252441023102 0.172937344876477 0.540085222399742 0.674968882692506 0.78816227048713
0.742007743267863 0.746548256724869 1 0.925682114147908 0.131373475883375 0.537522105225432 -0.107879173764494 0.482604510111611 0.314411713135739 0.453515653036787 0.825173870563441 0.847211915855198
0.720894656057358 0.755513041631809 0.925682114147908 1 0.0216111274096632 0.591687011882761 -0.0639023526767732 0.515946519556425 0.174368275718088 0.479751684457519 0.704756697088352 0.869454659742229
0.170020410993252 0.187991111662982 0.131373475883375 0.0216111274096632 1 0.271539390483335 0.0195745242194141 0.0109810107523996 0.22731221077363 0.116372963338052 0.316595255718192 0.127893126456221
0.577080831667979 0.684366403945054 0.537522105225432 0.591687011882761 0.271539390483335 1 0.107726257647677 0.402088807241833 0.163952257364442 0.58001050830691 0.525464974495192 0.689344081217573
-0.0196470519825298 0.0210267216220714 -0.107879173764494 -0.0639023526767732 0.0195745242194141 0.107726257647677 1 0.380890134332695 -0.0431745094761539 0.0549703263168571 -0.0286024629121073 -0.0881393334687778
0.448813267987568 0.528252441023102 0.482604510111611 0.515946519556425 0.0109810107523996 0.402088807241833 0.380890134332695 1 -0.00709455661805505 0.421646478475498 0.517618954008144 0.486674369413766
0.0767580047795273 0.172937344876477 0.314411713135739 0.174368275718088 0.22731221077363 0.163952257364442 -0.0431745094761539 -0.00709455661805505 1 0.602855849125026 0.425716464873863 0.323737266037069
0.312654086077117 0.540085222399742 0.453515653036787 0.479751684457519 0.116372963338052 0.58001050830691 0.0549703263168571 0.421646478475498 0.602855849125026 1 0.494724239882435 0.63241401552045
0.672943910710875 0.674968882692506 0.825173870563441 0.704756697088352 0.316595255718192 0.525464974495192 -0.0286024629121073 0.517618954008144 0.425716464873863 0.494724239882435 1 0.793555957389527
0.724600360202842 0.78816227048713 0.847211915855198 0.869454659742229 0.127893126456221 0.689344081217573 -0.0881393334687778 0.486674369413766 0.323737266037069 0.63241401552045 0.793555957389527 1
