1 0.851839483522088 0.63024679137996 0.522522835690694 0.386599326837451 0.33748976179967 0.195642480766202 0.0216375276209068 0.151028530151242 0.314905717654532 0.421156561084678 0.440127982314452
0.851839483522088 1 0.570334091309206 0.583584619042102 0.255142188468864 0.35009448077923 0.334088461312466 0.0508337403173939 0.0741397071866693 0.380629803589869 0.34757490334168 0.417136919899394
0.63024679137996 0.570334091309206 1 0.892079885988532 0.490247675916196 0.59376763116563 0.250347533770452 0.0768586464817936 0.24464982548734 0.400319918671909 0.60008386861783 0.786796108749139
0.522522835690694 0.583584619042102 0.892079885988532 1 0.354308399829351 0.575074814207918 0.275960898961753 0.0884770080795173 0.224325677685298 0.393871137475823 0.460948828018709 0.73487561278792
0.386599326837451 0.255142188468864 0.490247675916196 0.354308399829351 1 0.32843785939398 0.0587336087149141 0.25066783604576 0.275739962500656 0.378745530507652 0.657720691477527 0.636655189760527
0.33748976179967 0.35009448077923 0.59376763116563 0.575074814207918 0.32843785939398 1 0.259569736682754 0.272071582800836 0.147125184657485 0.0978098788628574 0.416675230327425 0.455059872217795
0.195642480766202 0.334088461312466 0.250347533770452 0.275960898961753 0.0587336087149141 0.259569736682754 1 0.454937474975942 0.100844680882313 0.0661838981726044 0.178795165182413 0.121272293895531
0.0216375276209068 0.0508337403173939 0.0768586464817936 0.0884770080795173 0.25066783604576 0.272071582800836 0.454937474975942 1 0.138970099168672 0.132140073335473 0.216826167063301 0.123508225747128
0.151028530151242 0.0741397071866693 0.24464982548734 0.224325677685298 0.275739962500656 0.147125184657485 0.100844680882313 0.138970099168672 1 0.490537232683869 0.397060758369187 0.232068568217296
0.314905717654532 0.380629803589869 0.400319918671909 0.393871137475823 0.378745530507652 0.0978098788628574 0.0661838981726044 0.132140073335473 0.490537232683869 1 0.432080190632908 0.378686175140613
0.421156561084678 0.34757490334168 0.60008386861783 0.46094882801871 0.657720691477527 0.416675230327425 0.178795165182413 0.216826167063301 0.397060758369187 0.432080190632907 1 0.695857501758692
0.440127982314452 0.417136919899394 0.786796108749139 0.73487561278792 0.636655189760527 0.455059872217795 0.121272293895531 0.123508225747128 0.232068568217296 0.378686175140613 0.695857501758692 1
