1 0.834035183342252 0.35464486080152 0.364206520267984 0.449407519611426 0.292809899409386 0.210682009419339 0.163777415152295 0.324386663233021 0.365415315665476 0.274789532644123 0.246580558009472
0.834035183342252 1 0.351898731582485 0.483098785899682 0.351928040163567 0.416449737803364 0.183208924613415 0.158197173071446 0.255641279709478 0.605728901622594 0.178891965734858 0.404935451842518
0.35464486080152 0.351898731582484 1 0.801025747897544 0.400698933096316 0.295345806864851 0.315950434451642 0.327750657857564 0.203641708139525 0.256276048499939 0.394264793964516 0.30909564241532
0.364206520267984 0.483098785899682 0.801025747897544 1 0.259857956371981 0.304330980304344 0.253432779434437 0.298008783069004 0.0307195370392097 0.506947002630211 0.140721723444099 0.39042328746941
0.449407519611426 0.351928040163567 0.400698933096316 0.259857956371981 1 0.407131558745688 0.127808402183889 0.100685190642285 0.48303666896703 0.330988580403858 0.646603911802107 0.48377186109242
0.292809899409386 0.416449737803364 0.295345806864851 0.304330980304344 0.407131558745688 1 0.0562933284868396 0.184190019253156 0.23361448382236 0.354577348568667 0.25231575393424 0.383431133097748
0.210682009419339 0.183208924613415 0.315950434451642 0.253432779434437 0.127808402183889 0.0562933284868396 1 0.589468511472744 0.102472725219536 0 0.234481814089091 0
0.163777415152295 0.158197173071446 0.327750657857564 0.298008783069004 0.100685190642285 0.184190019253156 0.589468511472744 1 0.154016094011281 0.0296041314209329 0.0595519215595536 0.0370486964484476
0.324386663233021 0.255641279709478 0.203641708139525 0.0307195370392097 0.48303666896703 0.23361448382236 0.102472725219536 0.154016094011281 1 0.201761765539173 0.500306418317988 0.443103165010417
0.365415315665476 0.605728901622594 0.256276048499939 0.506947002630211 0.330988580403858 0.354577348568667 0 0.0296041314209329 0.201761765539173 1 0.206439399495946 0.74824150533998
0.274789532644123 0.178891965734858 0.394264793964516 0.140721723444099 0.646603911802107 0.25231575393424 0.234481814089091 0.0595519215595536 0.500306418317988 0.206439399495946 1 0.459588466482718
0.246580558009472 0.404935451842519 0.30909564241532 0.39042328746941 0.48377186109242 0.383431133097748 0 0.0370486964484476 0.443103165010417 0.74824150533998 0.459588466482718 1
