1 0.865584276955943 0.219955480225583 0.0721819999983277 0.0412810539540081 -0.0249385614900457 0.178358439700147 0.195083363905936 0.23320694908655 0.121980468619731 -0.042278655399706 -0.127258286892764
0.865584276955943 1 0.0525528984157807 0.000138681199848875 -0.147069653170801 -0.0590145952117877 0.107180181724447 0.135969983549554 -0.0636456557910339 0.154618459380709 -0.305405407596843 -0.20660860880412
0.219955480225583 0.0525528984157807 1 0.894596320792354 0.386082762610167 0.232027188546602 0.338067713963289 0.316923620406952 0.706967628147456 0.199451247216064 0.702091022217717 0.398446729717256
0.0721819999983277 0.000138681199848875 0.894596320792354 1 0.229858136506415 0.189582004069832 0.173215276600684 0.162433597257128 0.472261503001658 0.275915649982804 0.574307783939583 0.539956855435731
0.0412810539540081 -0.147069653170801 0.386082762610167 0.229858136506415 1 0.121393204699837 0.276841456191235 0.109237155687883 0.584807094609991 0.111160531825667 0.624345610347483 0.0257812354160148
-0.0249385614900457 -0.0590145952117877 0.232027188546602 0.189582004069832 0.121393204699837 1 0.00833546516544424 -0.048427475951005 0.212207722871313 0.117642631087527 0.250310047424096 0.249354061022379
0.178358439700147 0.107180181724447 0.338067713963289 0.173215276600684 0.276841456191235 0.00833546516544424 1 0.712054259142289 0.389246553602136 0.0147817155788651 0.242880516227139 -0.114534224592226
0.195083363905936 0.135969983549554 0.316923620406952 0.162433597257128 0.109237155687883 -0.048427475951005 0.712054259142289 1 0.404398648978643 0.104502323402955 0.155689898330622 -0.0331588033615059
0.23320694908655 -0.0636456557910339 0.706967628147456 0.472261503001658 0.584807094609991 0.212207722871313 0.389246553602136 0.404398648978643 1 0.22343047658562 0.71596938978304 0.228309977142285
0.121980468619731 0.154618459380709 0.199451247216064 0.275915649982804 0.111160531825667 0.117642631087527 0.0147817155788651 0.104502323402955 0.22343047658562 1 0.164117525097414 0.306869635952052
-0.042278655399706 -0.305405407596843 0.702091022217717 0.574307783939583 0.624345610347483 0.250310047424096 0.242880516227139 0.155689898330622 0.71596938978304 0.164117525097414 1 0.513625568027224
-0.127258286892764 -0.20660860880412 0.398446729717256 0.539956855435731 0.0257812354160148 0.249354061022379 -0.114534224592226 -0.0331588033615059 0.228309977142285 0.306869635952052 0.513625568027224 1
