1 0.44831230755355 0.369501492119547 0.247470469754347 0.286024775441391 0.144589599653949 0.0323274706129895 0.0838063577293265 0.405223698483195 0.120407539261557 0.470875226044979 0.265120225671966
0.44831230755355 1 0.260323954545285 0.360445146487575 0.0304730981623709 0.411676758701101 -0.020559021209635 0.100093275777373 0.0376578243688974 0.431911876944981 0.0385402331119625 0.34850969750015
0.369501492119547 0.260323954545285 1 0.859724427721975 0.30734306257615 0.340913203937211 0.207361253171651 0.260680554205599 0.226929585901054 0.234341412905579 0.665909402977891 0.625222220844717
0.247470469754347 0.360445146487575 0.859724427721976 1 0.164645273787981 0.330379513602247 0.0927548835216283 0.312731124254224 0.116150524441675 0.417687265578849 0.386728528646884 0.640093863656469
0.286024775441391 0.0304730981623709 0.30734306257615 0.164645273787981 1 0.272833110722444 0.177410569838354 0.176475513163746 0.297371053847778 0.188986606460845 0.646838548131012 0.454632610900463
0.144589599653949 0.411676758701101 0.340913203937211 0.330379513602247 0.272833110722444 1 0.0481259412320257 -0.0308427855632237 -0.201120733161037 0.165306526173514 0.268446433443968 0.450982258948223
0.0323274706129895 -0.020559021209635 0.207361253171651 0.0927548835216283 0.177410569838354 0.0481259412320257 1 0.264887880722126 0.102018863582507 -0.0626805421528154 0.222448007242173 0.0136562694424386
0.0838063577293265 0.100093275777373 0.260680554205599 0.312731124254224 0.176475513163746 -0.0308427855632237 0.264887880722126 1 0.133534762137659 0.202137618667141 0.171905678490059 0.229631936561877
0.405223698483195 0.0376578243688974 0.226929585901054 0.116150524441675 0.297371053847778 -0.201120733161037 0.102018863582507 0.133534762137659 1 0.334545051253586 0.584413964645032 0.225427608082754
0.120407539261557 0.43191187694498 0.234341412905579 0.417687265578849 0.188986606460845 0.165306526173514 -0.0626805421528154 0.202137618667141 0.334545051253586 1 0.160462629762322 0.605065810586791
0.470875226044979 0.0385402331119625 0.665909402977891 0.386728528646884 0.646838548131012 0.268446433443969 0.222448007242173 0.171905678490059 0.584413964645032 0.160462629762322 1 0.591791530340333
0.265120225671966 0.34850969750015 0.625222220844717 0.640093863656468 0.454632610900463 0.450982258948223 0.0136562694424386 0.229631936561877 0.225427608082754 0.605065810586791 0.591791530340333 1
