1 0.786837240099161 0.359228690954986 0.27226816747644 0.37506841591381 0.356845283407231 0.0669141512439101 0.142831417071813 0.359156282156418 0.312843755361398 0.503409425339323 0.22958850607203
0.786837240099162 1 0.302894746323948 0.360749268512346 0.189481992056194 0.308771067001769 0.150536209245201 0.231949160509266 0.30376342737438 0.291565090251135 0.365315856586733 0.22607667287222
0.359228690954986 0.302894746323948 1 0.743960111555091 0.350751695652802 0.451606201955901 0.248868429143157 0.337360586385887 0.341266219465083 0.434194520071094 0.485223276958704 0.531832286636623
0.27226816747644 0.360749268512346 0.743960111555091 1 0.416556734546242 0.460310180999674 0.238677547220513 0.414578865808118 0.33104835279032 0.575843061728019 0.321770335634184 0.552243577990079
0.37506841591381 0.189481992056194 0.350751695652802 0.416556734546242 1 0.449034715690886 0 0.164759363436068 0.354432456585261 0.424658286952049 0.491596726106779 0.448329859135429
0.356845283407231 0.308771067001769 0.451606201955901 0.460310180999674 0.449034715690886 1 0.184672031012791 0.378222519900424 0.127708815924594 0.257659444812189 0.477699890222464 0.372706726127261
0.0669141512439101 0.150536209245201 0.248868429143157 0.238677547220513 0 0.184672031012791 1 0.191713120820327 0 0 0.192009818350136 0.159296023441312
0.142831417071813 0.231949160509266 0.337360586385887 0.414578865808118 0.164759363436068 0.378222519900424 0.191713120820327 1 0.261360408209209 0.355140452254553 0.257946394637088 0.395879159490611
0.359156282156418 0.30376342737438 0.341266219465083 0.33104835279032 0.354432456585261 0.127708815924594 0 0.261360408209209 1 0.683471919685773 0.49513143158333 0.500707925492884
0.312843755361398 0.291565090251135 0.434194520071094 0.575843061728019 0.424658286952049 0.257659444812189 0 0.355140452254553 0.683471919685773 1 0.420095540979258 0.698264926418274
0.503409425339323 0.365315856586733 0.485223276958704 0.321770335634184 0.491596726106779 0.477699890222464 0.192009818350136 0.257946394637088 0.49513143158333 0.420095540979258 1 0.529986093785107
0.22958850607203 0.22607667287222 0.531832286636623 0.552243577990079 0.448329859135429 0.372706726127261 0.159296023441312 0.395879159490611 0.500707925492884 0.698264926418274 0.529986093785107 1
