1 0.939750981093541 0.706394487004903 0.70176165943329 0.140349455701137 0.339260674647779 0.0296138212968335 0.266215212344994 0.563569998160918 0.528899499626892 0.556141941363781 0.60404480503804
0.939750981093541 1 0.642674279159438 0.700095433863965 0.158286331611172 0.474451216655851 0.00436623296813375 0.241225070607478 0.488876762136885 0.640666330830336 0.511314605554719 0.702187505018841
0.706394487004903 0.642674279159438 1 0.898794948082148 0.263525987052655 0.237653562695371 0.0775932244335152 0.289719885098506 0.656339661629535 0.554144402597262 0.689028006754297 0.688534773807321
0.70176165943329 0.700095433863965 0.898794948082148 1 0.144254988648783 0.343868592113053 0.145320772353821 0.41700294252203 0.594400925954619 0.573987082613968 0.528026387833073 0.726363162626979
0.140349455701137 0.158286331611172 0.263525987052655 0.144254988648783 1 0.193664178533132 0.00591512348528122 -0.0210649460505355 0.102932859182234 0.398381015158958 0.467864741203876 0.375343541540997
0.339260674647779 0.474451216655851 0.237653562695371 0.343868592113053 0.193664178533132 1 0.012192678330061 0.177386496699145 0.107044481293125 0.54933801120606 0.262219355643992 0.516454616271427
0.0296138212968335 0.00436623296813375 0.0775932244335152 0.145320772353821 0.00591512348528122 0.012192678330061 1 0.505448147958324 0.153860745429129 0.0456200917708661 0.0361110606804793 0.101804375401387
0.266215212344994 0.241225070607477 0.289719885098506 0.41700294252203 -0.0210649460505355 0.177386496699145 0.505448147958324 1 0.322108016642723 0.259722859129981 0.181385827953078 0.310220579172585
0.563569998160918 0.488876762136885 0.656339661629535 0.594400925954619 0.102932859182234 0.107044481293125 0.153860745429129 0.322108016642723 1 0.54679654671196 0.746027626564069 0.601802134418467
0.528899499626892 0.640666330830336 0.554144402597262 0.573987082613968 0.398381015158958 0.54933801120606 0.0456200917708661 0.259722859129981 0.54679654671196 1 0.741457838449862 0.91487484313013
0.556141941363781 0.511314605554719 0.689028006754297 0.528026387833073 0.467864741203876 0.262219355643992 0.0361110606804793 0.181385827953078 0.746027626564069 0.741457838449862 1 0.743972549190184
0.60404480503804 0.702187505018841 0.688534773807321 0.726363162626979 0.375343541540997 0.516454616271427 0.101804375401387 0.310220579172585 0.601802134418467 0.91487484313013 0.743972549190184 1
