1 0.901297136911781 0.687059639201404 0.546965002484248 0.603097427767103 0.447104398601081 -0.133503516413198 -0.168293157711887 0.704750702445816 0.618784134697998 0.660127363937428 0.550194708013372
0.901297136911781 1 0.704664714784724 0.663007888807702 0.483634035973316 0.524200917683247 -0.232926739102071 -0.186282135424006 0.666377477992882 0.750625679578472 0.650175650168561 0.680187851930924
0.687059639201405 0.704664714784724 1 0.905509695592317 0.444377186458376 0.463836798446353 -0.000321580566267353 -0.0710962026991523 0.716626765567389 0.719997534745978 0.873333800258303 0.785880556353271
0.546965002484248 0.663007888807702 0.905509695592317 1 0.293870078954613 0.451192387278955 -0.0862835950032959 -0.0652267151411683 0.566439789732003 0.723607536896318 0.761740048103675 0.830782455781354
0.603097427767103 0.483634035973316 0.444377186458376 0.293870078954613 1 0.475959203528954 -0.109239107908594 -0.157425348881747 0.684154220056984 0.382051681171977 0.630947333489229 0.468067046561625
0.447104398601081 0.524200917683247 0.463836798446353 0.451192387278955 0.475959203528954 1 -0.109979333353881 0.0501148622333448 0.514646266636883 0.528753871470749 0.579802944031315 0.621071118923
-0.133503516413198 -0.232926739102071 -0.000321580566267353 -0.0862835950032959 -0.109239107908594 -0.109979333353881 1 0.312904018598124 0.0634106808159181 -0.0577412580370571 0.0136590351139293 -0.133693288010185
-0.168293157711887 -0.186282135424006 -0.0710962026991523 -0.0652267151411683 -0.157425348881747 0.0501148622333448 0.312904018598124 1 -0.107945764081415 -0.0241900965667766 -0.0665771432516257 -0.0347666339124044
0.704750702445816 0.666377477992882 0.716626765567389 0.566439789732003 0.684154220056984 0.514646266636883 0.0634106808159181 -0.107945764081415 1 0.716853430345028 0.858229927915403 0.648130897339827
0.618784134697998 0.750625679578472 0.719997534745978 0.723607536896318 0.382051681171977 0.528753871470749 -0.0577412580370571 -0.0241900965667766 0.716853430345028 1 0.769415679071051 0.847997888624085
0.660127363937428 0.650175650168561 0.873333800258303 0.761740048103674 0.630947333489229 0.579802944031315 0.0136590351139293 -0.0665771432516257 0.858229927915403 0.769415679071051 1 0.846970599644765
0.550194708013372 0.680187851930924 0.785880556353271 0.830782455781354 0.468067046561625 0.621071118923 -0.133693288010185 -0.0347666339124044 0.648130897339827 0.847997888624085 0.846970599644765 1
