1 0.612330963207303 0.203582549342015 -0.0622264367746865 0.359838708549845 0.322706487348118 -0.191276035069778 0.0257206379898471 0.460347831539765 -0.0484879243521364 0.309341404494916 0.158952015205355
0.612330963207303 1 0.404216564356877 0.364667507176599 0.166275961400509 0.48908946273369 -0.195170070769971 0.30451604293058 0.187725456885784 0.246411976921503 0.125595815887091 0.336410173801503
0.203582549342015 0.404216564356877 1 0.850100365533252 0.386179367150199 0.655275249824982 0.0255536640504571 0.557205305641579 0.400345036744728 0.587151549243492 0.398027873446374 0.581721763353992
-0.0622264367746865 0.364667507176599 0.850100365533252 1 0.151831342943407 0.56760566820447 -0.0411797473646309 0.598607137159659 0.123450347654135 0.650872106313061 0.161392036282089 0.58302007393332
0.359838708549845 0.166275961400509 0.386179367150199 0.151831342943407 1 0.60877652363395 0.0609735440092098 0.142730778666892 0.745746016714671 0.408711274826358 0.889261472133475 0.610722049388201
0.322706487348118 0.48908946273369 0.655275249824982 0.56760566820447 0.60877652363395 1 -0.0765713075007889 0.388794236698541 0.579480276594497 0.686063289158521 0.590197801927499 0.78808040914527
-0.191276035069778 -0.195170070769971 0.0255536640504571 -0.0411797473646309 0.0609735440092098 -0.0765713075007889 1 0.185605604626194 0.0377353761937357 0.000157231037327856 -0.106485939239926 -0.0609931628047232
0.0257206379898471 0.30451604293058 0.557205305641579 0.598607137159659 0.142730778666892 0.388794236698541 0.185605604626194 1 0.207674238271881 0.486552428641796 0.127371963130167 0.441563864790869
0.460347831539765 0.187725456885784 0.400345036744728 0.123450347654135 0.745746016714671 0.579480276594497 0.0377353761937357 0.207674238271881 1 0.482994825047759 0.721674251174322 0.548363293472609
-0.0484879243521364 0.246411976921503 0.587151549243492 0.650872106313061 0.408711274826358 0.686063289158521 0.000157231037327856 0.486552428641796 0.482994825047759 1 0.425443192861161 0.769719950915659
0.309341404494916 0.125595815887091 0.398027873446374 0.161392036282089 0.889261472133475 0.590197801927499 -0.106485939239926 0.127371963130167 0.721674251174322 0.425443192861161 1 0.642052234123914
0.158952015205355 0.336410173801503 0.581721763353992 0.58302007393332 0.610722049388201 0.78808040914527 -0.0609931628047232 0.441563864790869 0.548363293472609 0.769719950915659 0.642052234123914 1
