1 0.846719973213417 0.440285387150778 0.304720373030175 0.394743513411972 0.271445766048728 0.312466305768115 -0.0570244333996344 0.565860998324217 0.0401113073816198 0.466943862907583 0.104122861322974
0.846719973213417 1 0.39838252566217 0.403652950697069 0.295204182571825 0.128426820474794 0.278883645826197 0.0641253365004327 0.437929541362276 0.211804310363266 0.348898076198388 0.134964610186526
0.440285387150778 0.39838252566217 1 0.866241405894614 0.356465783610047 0.360298358099221 0.113821328632162 0.221780378206681 0.646080558529225 0.226514528463561 0.684408588767647 0.56257021719675
0.304720373030175 0.403652950697069 0.866241405894614 1 0.283389583356704 0.335005466764058 0.00205607757800367 0.306546360990171 0.369577716752127 0.282534608011165 0.488585903621922 0.62292770556529
0.394743513411972 0.295204182571825 0.356465783610047 0.283389583356704 1 0.475222538798867 0.00802449941999089 -0.0962267223567582 0.428118397185372 0.14485281721059 0.529958994692017 0.356986569240239
0.271445766048728 0.128426820474794 0.360298358099221 0.335005466764058 0.475222538798867 1 0.01036764594752 0.067758781625006 0.190492500618404 0.0367737143554491 0.465404954725086 0.477594635411471
0.312466305768115 0.278883645826197 0.113821328632162 0.00205607757800367 0.00802449941999089 0.01036764594752 1 0.212007044626227 0.32089469338048 -0.0117959791997042 0.165294393791412 -0.171392683211542
-0.0570244333996344 0.0641253365004327 0.221780378206681 0.306546360990171 -0.0962267223567582 0.067758781625006 0.212007044626227 1 0.124828578689263 0.255341766635571 -0.0133894665852734 0.070110945652253
0.565860998324217 0.437929541362276 0.646080558529225 0.369577716752127 0.428118397185372 0.190492500618404 0.32089469338048 0.124828578689263 1 0.356027274659599 0.53934026211446 0.293800633871281
0.0401113073816198 0.211804310363266 0.226514528463561 0.282534608011165 0.14485281721059 0.0367737143554491 -0.0117959791997042 0.255341766635571 0.356027274659599 1 0.131632146965457 0.363778585667679
0.466943862907583 0.348898076198388 0.684408588767647 0.488585903621922 0.529958994692017 0.465404954725086 0.165294393791412 -0.0133894665852734 0.53934026211446 0.131632146965457 1 0.53820435210382
0.104122861322974 0.134964610186526 0.56257021719675 0.62292770556529 0.356986569240239 0.477594635411471 -0.171392683211542 0.070110945652253 0.293800633871281 0.363778585667679 0.53820435210382 1
