1 0.604489052889912 0.308988501660952 0.0124665528998188 0.0980062825138588 0.027585427762959 0.191981537827678 0.219307549664902 0.620978742128586 0.160585620299342 0.443263365728887 0.313085926852403
0.604489052889912 1 0.369850241327772 0.399885011485578 0.136248232826429 0.122081408869954 0.239827132022315 0.318240681648135 0.213571294261383 0.646448078071317 0.0412181155277411 0.345301884884873
0.308988501660952 0.369850241327772 1 0.842588062893015 0.235633646176926 0.42557304052591 0.172133954616468 0.0679343087791534 0.420769027411598 0.376710327978782 0.436575155577554 0.537226191065673
0.0124665528998188 0.399885011485578 0.842588062893015 1 0.10461675463956 0.424046011663076 0.00060743566845851 0.0513114459258513 0.105295961922993 0.516349742428427 0.130251368889017 0.429022127847552
0.0980062825138588 0.136248232826429 0.235633646176926 0.10461675463956 1 0.162856099769979 0.402413683984821 0.137694296221792 0.113006591897537 0.184711246547782 0.247131953656409 0.257743636516346
0.027585427762959 0.122081408869954 0.42557304052591 0.424046011663076 0.162856099769979 1 -0.011495067571379 0.107685893198993 0.230087026997662 0.0577574605310214 0.307804678223112 0.340759312148269
0.191981537827678 0.239827132022315 0.172133954616468 0.00060743566845851 0.402413683984821 -0.011495067571379 1 0.516183618457524 0.077884992708385 0.123287315468081 -0.0534467395091072 -0.0189553697284618
0.219307549664902 0.318240681648135 0.0679343087791534 0.0513114459258513 0.137694296221792 0.107685893198993 0.516183618457524 1 -0.0504088805720719 0.0597766917950356 -0.0472119222522532 -0.0196989011990537
0.620978742128586 0.213571294261383 0.420769027411598 0.105295961922993 0.113006591897537 0.230087026997662 0.077884992708385 -0.0504088805720719 1 0.137745682322887 0.619830867716277 0.523105016875038
0.160585620299342 0.646448078071317 0.376710327978782 0.516349742428427 0.184711246547782 0.0577574605310214 0.123287315468081 0.0597766917950356 0.137745682322887 1 -0.153237019055912 0.276288524463624
0.443263365728887 0.0412181155277411 0.436575155577554 0.130251368889017 0.247131953656409 0.307804678223112 -0.0534467395091072 -0.0472119222522532 0.619830867716277 -0.153237019055912 1 0.724895369245764
0.313085926852403 0.345301884884873 0.537226191065673 0.429022127847552 0.257743636516346 0.340759312148269 -0.0189553697284618 -0.0196989011990537 0.523105016875038 0.276288524463624 0.724895369245764 1
