1 0.68558292738512 0.623777635256288 0.23531548130603 0.451572236239201 0.409140343049126 0.226800223522178 0.237287276149638 0.71423628823725 0.436309415480943 0.462672324397243 0.334170355915703
0.68558292738512 1 0.440418210134642 0.355441121546587 0.240444689253798 0.478822175386824 0.128337217011058 0.241797652878394 0.307964295815636 0.532040570668953 0.178584381963792 0.45607683673976
0.623777635256288 0.440418210134642 1 0.757701110282259 0.515317665738175 0.571701779725211 0.414427143896185 0.429254101071073 0.653725251756763 0.525011911748576 0.581910662236712 0.678054436066507
0.23531548130603 0.355441121546587 0.757701110282259 1 0.315420634165466 0.517633344396203 0.242432029750532 0.401282099816656 0.299523628362148 0.502280559708842 0.357340756245072 0.757593780463593
0.451572236239201 0.240444689253798 0.515317665738175 0.315420634165466 1 0.717837880487025 0.267527660289359 0.226999671796244 0.683111851663826 0.431048133426419 0.802700123986081 0.601434674015771
0.409140343049126 0.478822175386824 0.571701779725211 0.517633344396203 0.717837880487025 1 0.326594377135526 0.434142122212222 0.56167429186309 0.650167498553821 0.649802395695173 0.776117200137981
0.226800223522178 0.128337217011058 0.414427143896185 0.242432029750532 0.267527660289359 0.326594377135526 1 0.458776475725317 0.402493086312497 0.226528727183822 0.210130429512556 0.296379448582865
0.237287276149638 0.241797652878395 0.429254101071073 0.401282099816656 0.226999671796244 0.434142122212222 0.458776475725316 1 0.350472785448641 0.451942039363767 0.121390855827025 0.366894936118367
0.71423628823725 0.307964295815636 0.653725251756763 0.299523628362148 0.683111851663826 0.56167429186309 0.402493086312497 0.350472785448641 1 0.564504626999949 0.697600823480607 0.509638420345761
0.436309415480943 0.532040570668953 0.525011911748576 0.502280559708842 0.431048133426419 0.650167498553821 0.226528727183822 0.451942039363767 0.564504626999949 1 0.403322088399068 0.658118499868777
0.462672324397243 0.178584381963792 0.581910662236712 0.357340756245072 0.802700123986081 0.649802395695173 0.210130429512556 0.121390855827025 0.697600823480607 0.403322088399068 1 0.660632490735938
0.334170355915703 0.45607683673976 0.678054436066507 0.757593780463593 0.601434674015771 0.776117200137981 0.296379448582865 0.366894936118367 0.509638420345761 0.658118499868777 0.660632490735938 1
