0 0 0 -0.063548860781973 0 0 -0.0117062951137964 0 0 0 -0.0703553009370583 0
0 0 0 0 0 0 0 -0.0271821496261626 0 0 -0.000739703632493439 0
0 0 0 0 0 0 0 0 0 0 0 0
-0.063548860781973 0 0 0 0 0 0 0 0 0 0 0
0 0 0 0 0 0 -0.0027221203117923 -0.0348224683122422 0 0 0 -0.017883995639955
0 0 0 0 0 0 -0.000194189468673955 0 0 0 -0.0774993663568737 -0.0687152759977146
-0.0117062951137964 0 0 0 -0.0027221203117923 -0.000194189468673955 0 0 0 0 0 -0.108695615662388
0 -0.0271821496261626 0 0 -0.0348224683122422 0 0 0 -0.0763542437508275 -0.00287105775267478 -0.187224500318102 -0.193453976933467
0 0 0 0 0 0 0 -0.0763542437508275 0 0 0 0
0 0 0 0 0 0 0 -0.00287105775267478 0 0 -0.0373881652921288 0
-0.0703553009370583 -0.000739703632493439 0 0 0 -0.0774993663568737 0 -0.187224500318102 0 -0.0373881652921288 0 0
0 0 0 0 -0.017883995639955 -0.0687152759977146 -0.108695615662388 -0.193453976933467 0 0 0 0
