1 0.720561957914576 0.652608147425709 0.444094188920583 0.50793806089463 0.549908724832295 0 0.228415133195869 0.504575456035788 0.0647499053016063 0.428227172085533 0.339464898340359
0.720561957914576 1 0.540891348534322 0.527369770024575 0.312529752619966 0.256279276231889 0 0.0884743808708136 0.469164249158934 0.36374284391242 0.431936776089042 0.488046303062076
0.652608147425709 0.540891348534322 1 0.844172283775167 0.303207532533477 0.447622738181832 0.0506413182619654 0.389709982037413 0.560432027822196 0.227679180046275 0.609102927238313 0.535207266904469
0.444094188920583 0.527369770024575 0.844172283775167 1 0.145141040042581 0.299897125804058 0 0.207540748495498 0.384617105494835 0.340344466405928 0.494004403812568 0.534677225407041
0.50793806089463 0.312529752619966 0.303207532533477 0.145141040042581 1 0.462481931721721 0.0784467249033339 0 0.175477827831052 0 0.208220732824336 0.187037425549059
0.549908724832295 0.256279276231888 0.447622738181832 0.299897125804058 0.462481931721721 1 0.255706408591562 0.348813027116664 0.289767126688851 0 0.298157128055798 0.283541379463555
0 0 0.0506413182619654 0 0.0784467249033339 0.255706408591562 1 0.401445202986628 0.0758187205113797 0 0.0048224723460196 0
0.228415133195869 0.0884743808708136 0.389709982037413 0.207540748495498 0 0.348813027116664 0.401445202986628 1 0.428318442418904 0.0691442193055903 0.281837980746135 0.29558576465773
0.504575456035788 0.469164249158934 0.560432027822196 0.384617105494835 0.175477827831052 0.289767126688851 0.0758187205113797 0.428318442418904 1 0.63598790601257 0.778226215889997 0.619420116603739
0.0647499053016063 0.36374284391242 0.227679180046275 0.340344466405928 0 0 0 0.0691442193055903 0.63598790601257 1 0.492171244163278 0.56585223727806
0.428227172085533 0.431936776089042 0.609102927238313 0.494004403812568 0.208220732824336 0.298157128055798 0.0048224723460196 0.281837980746135 0.778226215889997 0.492171244163278 1 0.727173283199778
0.339464898340359 0.488046303062076 0.535207266904469 0.534677225407041 0.187037425549059 0.283541379463555 0 0.29558576465773 0.619420116603739 0.56585223727806 0.727173283199778 1
