1 0.921483746107218 0.575209628990689 0.49519914591931 0.0788506842803321 0.254897005975657 0 0.00859615916133862 0.462635899584853 0.480361238924236 0.331096247318974 0.181347265110097
0.921483746107218 1 0.536426797819825 0.474767726736974 0.015818495976261 0.157895382017271 0 0.0805180224898265 0.423849712880078 0.486002454461507 0.242082847152169 0.178091078408749
0.575209628990689 0.536426797819825 1 0.921957167680901 0.235477997985817 0.00325928937325425 0.0126221461793069 0.268779189485081 0.330768689576413 0.423654816045639 0.421726543453923 0.59332615502819
0.49519914591931 0.474767726736974 0.921957167680901 1 0.160442646581895 0.00263237073624713 0 0.188235287882122 0.265882387252525 0.436117702627788 0.355906497239175 0.600135249489831
0.0788506842803321 0.015818495976261 0.235477997985817 0.160442646581895 1 0.0710549901870055 0.0512729389689169 0.192672009382308 0.100941915214913 0 0.154407344138442 0.00883527238365755
0.254897005975657 0.157895382017271 0.00325928937325425 0.00263237073624713 0.0710549901870055 1 0 0 0.164411174718106 0.225569383829399 0.190591493668696 0
0 0 0.0126221461793069 0 0.0512729389689169 0 1 0.313162004542996 0 0 0 0.0881539136103064
0.00859615916133862 0.0805180224898265 0.268779189485081 0.188235287882122 0.192672009382308 0 0.313162004542996 1 0 0 0 0.0550282472162905
0.462635899584853 0.423849712880078 0.330768689576413 0.265882387252525 0.100941915214913 0.164411174718106 0 0 1 0.625724935032432 0.608357634409306 0.316672702340496
0.480361238924236 0.486002454461507 0.423654816045639 0.436117702627788 0 0.225569383829399 0 0 0.625724935032432 1 0.436291025900991 0.430761273491734
0.331096247318974 0.242082847152169 0.421726543453923 0.355906497239175 0.154407344138442 0.190591493668696 0 0 0.608357634409306 0.436291025900991 1 0.557258220078149
0.181347265110097 0.178091078408749 0.59332615502819 0.600135249489831 0.00883527238365755 0 0.0881539136103064 0.0550282472162905 0.316672702340496 0.430761273491734 0.557258220078149 1
