1 0.807904313969329 0.361001117501976 0.111000343955588 0.194147399888661 0.169787539298619 0.258565237630929 0.187499763971941 0.14350508754181 0.236023373347323 0.296600307245406 0.316724541707725
0.807904313969329 1 0.426499807335633 0.238498478720067 0.167147501986803 0.331199979308233 0.253737334643445 0.301541566270376 0.184658533195369 0.395317416860887 0.285046440305438 0.440543947883727
0.361001117501976 0.426499807335633 1 0.764614249647021 0.448337226017584 0.386740639256761 0.108610498108196 0.291881743541705 0.158990665785335 0.411886156234299 0.534944152641938 0.469696308454877
0.111000343955588 0.238498478720067 0.764614249647021 1 0.127201758542785 0.0978132828335507 0.0719159617692188 0.291664794383118 0 0.24989341974861 0.096834803408007 0.294768336763006
0.194147399888661 0.167147501986803 0.448337226017584 0.127201758542785 1 0.575457976975458 0 0.189163735257897 0.127127044861426 0.263257216838642 0.502093545006928 0.357916928033053
0.169787539298619 0.331199979308233 0.386740639256761 0.0978132828335507 0.575457976975458 1 0.137359604152439 0.314586831114914 0.161949653571462 0.461493605073164 0.549241302400053 0.546310051229723
0.258565237630929 0.253737334643445 0.108610498108196 0.0719159617692188 0 0.137359604152439 1 0.26698462690795 0 0.0314031379855686 0.10895886703936 0.166375759038701
0.187499763971941 0.301541566270376 0.291881743541705 0.291664794383118 0.189163735257897 0.314586831114914 0.26698462690795 1 0.0897623517585936 0.335707729113633 0.18810731880546 0.489566725189874
0.14350508754181 0.184658533195369 0.158990665785335 0 0.127127044861426 0.161949653571462 0 0.0897623517585936 1 0.469614304187068 0.571156204565921 0.200084802976731
0.236023373347323 0.395317416860887 0.411886156234299 0.24989341974861 0.263257216838642 0.461493605073164 0.0314031379855686 0.335707729113633 0.469614304187068 1 0.557877219894847 0.70878661846005
0.296600307245406 0.285046440305438 0.534944152641938 0.096834803408007 0.502093545006928 0.549241302400053 0.10895886703936 0.18810731880546 0.571156204565921 0.557877219894847 1 0.471907939011357
0.316724541707725 0.440543947883727 0.469696308454877 0.294768336763006 0.357916928033053 0.546310051229723 0.166375759038701 0.489566725189874 0.200084802976731 0.70878661846005 0.471907939011357 1
