1 0.782656548761074 0.417166375370686 0.221088969423081 0.49938146437096 0.309772299141811 0.255998319894626 0.478463862823974 0.318271842346773 0.221273997610759 0.461398888381647 0.383994967778447
0.782656548761074 1 0.387528881670403 0.383230533697557 0.311729714286926 0.377678464631689 0.261021914409458 0.451765803262724 0.0639665176168899 0.288376235164783 0.230515426905203 0.480968036644764
0.417166375370686 0.387528881670403 1 0.849406817894902 0.545240763836109 0.483793714450236 0.506543437907022 0.441539293472266 0.553812115293556 0.572091677552696 0.559796444985774 0.476807794245387
0.221088969423081 0.383230533697557 0.849406817894902 1 0.34409494297807 0.572357254038058 0.496655536259036 0.474273944813272 0.319088576188311 0.622989178467455 0.30894283602394 0.524146300672904
0.49938146437096 0.311729714286926 0.545240763836109 0.34409494297807 1 0.585235204303836 0.365950986424423 0.368913529513055 0.702347158075858 0.57109334955149 0.827302723211059 0.631683720591415
0.309772299141811 0.377678464631689 0.483793714450236 0.572357254038058 0.585235204303836 1 0.34383243690546 0.367086725183043 0.35651359953713 0.642909421552653 0.467817875961083 0.722907843960313
0.255998319894626 0.261021914409458 0.506543437907022 0.496655536259036 0.365950986424423 0.34383243690546 1 0.495092698705174 0.336050346932001 0.417140750490586 0.256807929780773 0.244002979470487
0.478463862823974 0.451765803262724 0.441539293472266 0.474273944813272 0.368913529513055 0.367086725183043 0.495092698705174 1 0.283541396930543 0.37657044544391 0.229819457651035 0.234874252833889
0.318271842346773 0.0639665176168899 0.553812115293556 0.319088576188311 0.702347158075858 0.35651359953713 0.336050346932002 0.283541396930543 1 0.643745148084925 0.749710799795237 0.401097729069977
0.221273997610759 0.288376235164783 0.572091677552696 0.622989178467455 0.57109334955149 0.642909421552653 0.417140750490586 0.37657044544391 0.643745148084925 1 0.551779131638384 0.735117696330936
0.461398888381646 0.230515426905203 0.559796444985773 0.30894283602394 0.827302723211059 0.467817875961083 0.256807929780773 0.229819457651035 0.749710799795237 0.551779131638384 1 0.642239899026614
0.383994967778447 0.480968036644764 0.476807794245387 0.524146300672904 0.631683720591415 0.722907843960313 0.244002979470487 0.234874252833889 0.401097729069977 0.735117696330936 0.642239899026614 1
