1 0.851119210191663 0.70202798969268 0.590983851018537 0.671146672200717 0.71463508053788 0.507301033478071 0.314918278229418 0.643262495494431 0.683868248333277 0.64950867534887 0.55089925606514
0.851119210191663 1 0.523177173545559 0.57337126596513 0.480743212179216 0.521992727960356 0.292433692653587 0.184798722069268 0.394149764218269 0.642194164840175 0.423873159380744 0.547978645068853
0.70202798969268 0.523177173545559 1 0.83866134943237 0.579583184239804 0.707786724984194 0.557398825958261 0.55099625036286 0.651463745471259 0.645909264665211 0.668573059433922 0.470439060072272
0.590983851018537 0.57337126596513 0.83866134943237 1 0.518031082354706 0.690788365535547 0.425112999756485 0.507655410031089 0.532786761761023 0.716592977444139 0.60329940085626 0.598942588363482
0.671146672200717 0.480743212179216 0.579583184239804 0.518031082354706 1 0.810390718207062 0.39515210051349 0.320421960232047 0.638994574514285 0.700487426097684 0.798941505006493 0.724386850094463
0.71463508053788 0.521992727960356 0.707786724984194 0.690788365535547 0.810390718207061 1 0.525068860864546 0.431464479478166 0.646522812183931 0.750440305127778 0.727234471862498 0.699667940114354
0.507301033478071 0.292433692653587 0.557398825958261 0.425112999756485 0.39515210051349 0.525068860864546 1 0.496825325320444 0.430259918169832 0.419562288337415 0.394971755350091 0.167934767585025
0.314918278229418 0.184798722069268 0.55099625036286 0.507655410031089 0.320421960232047 0.431464479478166 0.496825325320444 1 0.393534006341198 0.44053218534696 0.301055959870903 0.13803896681859
0.643262495494431 0.394149764218269 0.651463745471259 0.532786761761023 0.638994574514285 0.646522812183931 0.430259918169832 0.393534006341198 1 0.772992318483348 0.85196354091739 0.572436474480426
0.683868248333277 0.642194164840175 0.645909264665211 0.716592977444139 0.700487426097684 0.750440305127778 0.419562288337415 0.44053218534696 0.772992318483348 1 0.747303097042646 0.772670773018589
0.64950867534887 0.423873159380744 0.668573059433922 0.60329940085626 0.798941505006493 0.727234471862498 0.394971755350091 0.301055959870903 0.85196354091739 0.747303097042646 1 0.766172639236664
0.55089925606514 0.547978645068853 0.470439060072272 0.598942588363482 0.724386850094463 0.699667940114354 0.167934767585025 0.13803896681859 0.572436474480426 0.772670773018589 0.766172639236664 1
