1 0.915774261644467 0.50491848807836 0.279001445586772 0.58159391959402 0.507889599340201 0.358910433528294 0.174071584871628 0.10480122086367 0.412298283433478 0.630040556335171 0.492186398326854
0.915774261644467 1 0.555483671095454 0.415422858333637 0.54844481052587 0.571795264214056 0.369217925199317 0.233484150252854 0.0993377283972985 0.495628869935176 0.62792900476094 0.613651939931309
0.50491848807836 0.555483671095454 1 0.857620352155129 0.463874430373939 0.419546673872317 0.148743214349867 0.222773670312548 0.115451825905108 0.471978850123771 0.701146490868463 0.67490411323133
0.279001445586772 0.415422858333637 0.857620352155129 1 0.406917873753502 0.402084908117146 0.0913773608943899 0.264560486499836 0 0.475420597984689 0.546998616594018 0.777773637826548
0.58159391959402 0.54844481052587 0.463874430373939 0.406917873753502 1 0.566476110502228 0.397137287395101 0.235664546555545 0.140396425804501 0.350170110986737 0.636547358585256 0.571376460425275
0.507889599340201 0.571795264214056 0.419546673872317 0.402084908117146 0.566476110502228 1 0.345903873523663 0.217898385357405 0.118165834136288 0.446854062363982 0.440153768550466 0.475223274404299
0.358910433528294 0.369217925199317 0.148743214349867 0.0913773608943899 0.397137287395101 0.345903873523663 1 0.523710485568302 0.149107990470281 0.360373228899051 0.395237535011431 0.31747841077123
0.174071584871628 0.233484150252854 0.222773670312548 0.264560486499836 0.235664546555545 0.217898385357405 0.523710485568302 1 0.0070174792768366 0.357317643836009 0.363166141410957 0.3780470962408
0.10480122086367 0.0993377283972985 0.115451825905108 0 0.140396425804501 0.118165834136288 0.149107990470281 0.0070174792768366 1 0.301328754703417 0.446125833838011 0.0165397842752657
0.412298283433477 0.495628869935176 0.471978850123771 0.475420597984689 0.350170110986737 0.446854062363982 0.360373228899051 0.357317643836009 0.301328754703416 1 0.480409570289427 0.599456341784582
0.630040556335171 0.62792900476094 0.701146490868463 0.546998616594018 0.636547358585256 0.440153768550466 0.395237535011431 0.363166141410957 0.446125833838011 0.480409570289427 1 0.699629629458747
0.492186398326854 0.613651939931309 0.67490411323133 0.777773637826548 0.571376460425276 0.475223274404299 0.31747841077123 0.3780470962408 0.0165397842752657 0.599456341784582 0.699629629458747 1
