1 0.921538952621444 0.745281092112393 0.678082974937053 0.547924142753238 0.620707860929967 0.348553646480447 0.392573393579794 0.538668118131388 0.447235475885033 0.645102330246813 0.434375551144011
0.921538952621444 1 0.711120851201603 0.675669273486277 0.506199933516948 0.634335273976962 0.388200014569557 0.39366834134488 0.481505225941562 0.517175984207545 0.625096095576625 0.538492088721507
0.745281092112393 0.711120851201603 1 0.801390767875919 0.383503224667667 0.330809085346556 0.491230901871368 0.349708142466927 0.574957389620963 0.245622838019971 0.527564152573894 0.211798610682499
0.678082974937053 0.675669273486277 0.801390767875919 1 0.32890589238947 0.42377085836925 0.380350701268877 0.361490361511654 0.39976355426291 0.297152265351849 0.511273626157598 0.419442204833007
0.547924142753238 0.506199933516948 0.383503224667667 0.32890589238947 1 0.607910533901018 0.236783029874037 0.159381668448612 0.335028122131392 0.225457752959332 0.570508831130149 0.489906617314299
0.620707860929967 0.634335273976962 0.330809085346556 0.42377085836925 0.607910533901018 1 0.196549205760416 0.385880260370819 0.313386210036012 0.560162832076701 0.49101488736614 0.737330299055911
0.348553646480447 0.388200014569557 0.491230901871368 0.380350701268877 0.236783029874037 0.196549205760416 1 0.449197511279693 0.174942354138167 0.125335808657502 0.241512314831356 0.123280156695454
0.392573393579794 0.39366834134488 0.349708142466927 0.361490361511654 0.159381668448612 0.385880260370819 0.449197511279693 1 0.206473053248783 0.434499137047529 0.257595312805771 0.315291852167206
0.538668118131388 0.481505225941562 0.574957389620963 0.39976355426291 0.335028122131392 0.313386210036012 0.174942354138167 0.206473053248783 1 0.555109870920653 0.638110367976295 0.144596691590434
0.447235475885033 0.517175984207545 0.245622838019971 0.297152265351849 0.225457752959332 0.560162832076701 0.125335808657502 0.434499137047529 0.555109870920653 1 0.399098062548544 0.459383082190034
0.645102330246813 0.625096095576625 0.527564152573894 0.511273626157598 0.570508831130149 0.49101488736614 0.241512314831356 0.257595312805771 0.638110367976295 0.399098062548544 1 0.542390413394505
0.434375551144011 0.538492088721507 0.211798610682499 0.419442204833007 0.489906617314299 0.737330299055911 0.123280156695454 0.315291852167206 0.144596691590434 0.459383082190034 0.542390413394505 1
