1 0.803606639968703 0.668932269581318 0.36289220723786 0.201739709506566 0.278520264284702 0.473413472105254 0.27283182123348 0.599594494446831 0.438549198268138 0.772695704277831 0.411277597284885
0.803606639968703 1 0.632037059091701 0.542301751390165 0.174262498795793 0.444455615894036 0.459678669949153 0.319037704988577 0.466104681728448 0.687770042918781 0.607156146483577 0.622861725753321
0.668932269581318 0.632037059091701 1 0.869155387765746 0.271978067196122 0.401437292019165 0.474991948249537 0.499489837387139 0.551957416932103 0.606744371115193 0.818897365013975 0.670014225509247
0.36289220723786 0.542301751390165 0.869155387765746 1 0.203300451577949 0.442705893139977 0.369839450365966 0.557374075893067 0.298623199126287 0.664470534229795 0.554981256736833 0.740346215437648
0.201739709506566 0.174262498795793 0.271978067196122 0.203300451577949 1 0.522223497053399 0.169954254101264 0.0711066465884875 0.385162878898085 0.152659161271877 0.375817407768853 0.238907124782683
0.278520264284702 0.444455615894036 0.401437292019165 0.442705893139977 0.522223497053399 1 0.266485959055314 0.280919404919975 0.261889222785408 0.372800243649116 0.410569872876671 0.404392827181764
0.473413472105254 0.459678669949153 0.474991948249537 0.369839450365966 0.169954254101264 0.266485959055314 1 0.533118975792969 0.269680643903157 0.369280313527752 0.527841072266889 0.458703349279521
0.27283182123348 0.319037704988577 0.499489837387139 0.557374075893067 0.0711066465884875 0.280919404919975 0.533118975792969 1 0.255740946213378 0.441619050246264 0.422077228305029 0.474684850148605
0.599594494446831 0.466104681728448 0.551957416932103 0.298623199126287 0.385162878898085 0.261889222785408 0.269680643903157 0.255740946213378 1 0.487541812470734 0.837787634650321 0.512644608396896
0.438549198268138 0.687770042918781 0.606744371115193 0.664470534229795 0.152659161271877 0.372800243649116 0.369280313527752 0.441619050246264 0.487541812470734 1 0.567920781268499 0.865151559912011
0.772695704277831 0.607156146483577 0.818897365013975 0.554981256736833 0.375817407768853 0.410569872876671 0.527841072266889 0.422077228305029 0.837787634650321 0.567920781268499 1 0.66198410344708
0.411277597284885 0.622861725753321 0.670014225509247 0.740346215437648 0.238907124782683 0.404392827181764 0.458703349279521 0.474684850148605 0.512644608396896 0.865151559912011 0.66198410344708 1
