1 0.637288999242431 0.324545134655775 0.0718084572926588 0.329262022351646 0.419264943667646 -0.0658184765807263 -0.0574427491279318 0.531292153858788 0.0890462647390028 0.366636963914815 0.246000596722595
0.637288999242431 1 0.571735594551971 0.511325061541936 0.37105095428011 0.434692032997536 -0.00422754524907151 0.179300947562726 0.339977312116509 0.17795918257595 0.393272335195381 0.487039240871397
0.324545134655775 0.571735594551971 1 0.796146957044218 0.567133859822235 0.449817184809157 0.0275881662449513 7.35442044903759e-05 0.363345144321645 0.00189072553794816 0.663383636169701 0.682034110430644
0.0718084572926588 0.511325061541936 0.796146957044218 1 0.39067160017666 0.307087706557546 0.0662510310096493 -0.0320743640846034 0.107502479930551 0.0358845711568164 0.45954922099647 0.620410697847384
0.329262022351647 0.37105095428011 0.567133859822235 0.39067160017666 1 0.526391555403606 0.0652870951077057 -0.00376443218347555 0.707883407996802 0.0319107529596166 0.73855001680784 0.625130251144314
0.419264943667646 0.434692032997536 0.449817184809157 0.307087706557546 0.526391555403606 1 0.193530441079607 0.082933791013373 0.499909573125389 0.289267575835394 0.493439509976524 0.523748431655697
-0.0658184765807263 -0.00422754524907151 0.0275881662449513 0.0662510310096493 0.0652870951077057 0.193530441079607 1 0.192896538601688 0.167865067653343 0.0489935847702834 0.0456760928646874 0.0793098312530657
-0.0574427491279318 0.179300947562726 7.35442044903759e-05 -0.0320743640846034 -0.00376443218347555 0.082933791013373 0.192896538601688 1 -0.00660264207349914 0.0746047635413175 -0.0742620232076653 -0.0279469067222284
0.531292153858788 0.339977312116509 0.363345144321645 0.107502479930551 0.707883407996802 0.499909573125389 0.167865067653343 -0.00660264207349914 1 0.262853418817464 0.604038349123531 0.433046419523654
0.0890462647390028 0.17795918257595 0.00189072553794816 0.0358845711568164 0.0319107529596166 0.289267575835394 0.0489935847702834 0.0746047635413175 0.262853418817464 1 -0.0169324224871585 0.152315674999538
0.366636963914815 0.393272335195381 0.663383636169701 0.45954922099647 0.73855001680784 0.493439509976524 0.0456760928646874 -0.0742620232076653 0.604038349123531 -0.0169324224871585 1 0.803914131879682
0.246000596722595 0.487039240871397 0.682034110430644 0.620410697847384 0.625130251144314 0.523748431655697 0.0793098312530657 -0.0279469067222284 0.433046419523654 0.152315674999538 0.803914131879682 1
