1 0.878240997098634 0.840520099772839 0.783137586082617 0.690684108978411 0.413645627800056 0.377567370540963 0.375932648049035 0.782319047477012 0.746542983426074 0.674223348686006 0.677537944585138
0.878240997098634 1 0.775325788752089 0.865984784589917 0.568026869743364 0.53709077164695 0.293889686348744 0.454830261216143 0.645069056171427 0.884487222561397 0.522957928571697 0.786183028439318
0.840520099772839 0.775325788752089 1 0.889834440392766 0.785468533290702 0.511999136469948 0.328060227587607 0.408706882518392 0.850247960400121 0.684789286977122 0.830252668108076 0.690950776458726
0.783137586082617 0.865984784589917 0.889834440392766 1 0.631246844145205 0.588695475185476 0.323477564654776 0.511792024542501 0.705325280646948 0.839002686889624 0.626093111668793 0.795498164273089
0.690684108978411 0.568026869743364 0.785468533290702 0.631246844145205 1 0.420268899779696 0.319769257734168 0.268675558360805 0.783280265884821 0.521331572591989 0.856180800514866 0.618882202618077
0.413645627800056 0.53709077164695 0.511999136469948 0.588695475185476 0.420268899779696 1 0.156772258364918 0.171840448778261 0.35953554735488 0.595999303985272 0.362608686139486 0.610192886486146
0.377567370540963 0.293889686348744 0.328060227587607 0.323477564654776 0.319769257734168 0.156772258364918 1 0.424202104624308 0.369910894705348 0.348016977561533 0.402004955798749 0.329141981899332
0.375932648049035 0.454830261216143 0.408706882518392 0.511792024542501 0.268675558360805 0.171840448778261 0.424202104624308 1 0.298672297093181 0.432005463398612 0.261561294612232 0.332259463786907
0.782319047477012 0.645069056171427 0.850247960400121 0.705325280646948 0.783280265884821 0.35953554735488 0.369910894705348 0.298672297093181 1 0.642949803082369 0.868505108948969 0.626799406327095
0.746542983426074 0.884487222561396 0.684789286977122 0.839002686889624 0.521331572591989 0.595999303985272 0.348016977561533 0.432005463398612 0.642949803082369 1 0.518612477837058 0.858200975504701
0.674223348686006 0.522957928571698 0.830252668108076 0.626093111668793 0.856180800514866 0.362608686139486 0.402004955798749 0.261561294612232 0.868505108948969 0.518612477837058 1 0.632969817945101
0.677537944585138 0.786183028439318 0.690950776458726 0.795498164273089 0.618882202618077 0.610192886486145 0.329141981899332 0.332259463786907 0.626799406327095 0.858200975504701 0.632969817945101 1
