1 0.712074497969147 0.260871608517603 0.022815292513375 0.339155952328953 0.0214616066003202 0 0.0574554716273027 0.526481415385327 0 0.126658042211863 0.169545350955615
0.712074497969147 1 0.0936991423287202 0.118442025377777 0.0768596370066524 0.0461107511797879 0 0 0.271248805382295 0.0977176955926375 0 0.395124710214923
0.260871608517603 0.0936991423287202 1 0.719849640520482 0.290342849340228 0.225118138338322 0.134125820800283 0.100190257541461 0.440819997362248 0.187158768409567 0.391735772022902 0.102524509331663
0.022815292513375 0.118442025377777 0.719849640520482 1 0.34583472902482 0.377497235433754 0.0769840994135927 0.175174320273936 0.300075261784058 0.437215859091386 0.255407404615228 0.382892586949436
0.339155952328953 0.0768596370066524 0.290342849340228 0.34583472902482 1 0.32456198050631 0 0.109659954406931 0.380478644283429 0.0523734440203265 0.372596183492443 0.189671935663046
0.0214616066003202 0.0461107511797879 0.225118138338322 0.377497235433754 0.32456198050631 1 0.115300756056443 0.213530163830494 0.288748220002036 0.236290655927939 0.279271742667765 0.302019799253292
0 0 0.134125820800283 0.0769840994135927 0 0.115300756056443 1 0.136537556177002 0.104676876842038 0.220564751791106 0.0905448686864568 0
0.0574554716273028 0 0.100190257541461 0.175174320273936 0.109659954406931 0.213530163830494 0.136537556177002 1 0.160419702054268 0 0.0842781410357309 0.0544822666033764
0.526481415385327 0.271248805382295 0.440819997362249 0.300075261784058 0.380478644283429 0.288748220002036 0.104676876842038 0.160419702054268 1 0.202948612766009 0.417242175057028 0.171757787532861
0 0.0977176955926375 0.187158768409567 0.437215859091386 0.0523734440203265 0.236290655927939 0.220564751791106 0 0.202948612766009 1 0 0.269713139730788
0.126658042211863 0 0.391735772022902 0.255407404615228 0.372596183492443 0.279271742667765 0.0905448686864568 0.0842781410357309 0.417242175057028 0 1 0.147591898198901
0.169545350955615 0.395124710214923 0.102524509331663 0.382892586949436 0.189671935663046 0.302019799253292 0 0.0544822666033764 0.171757787532861 0.269713139730788 0.147591898198901 1
