1 0.914168210291665 0.660745612699861 0.518552081220154 0.393477582154115 0.432790807129578 0.180395574447643 0.360550600280843 0.500002944095654 0.531409068088798 0.532603034889685 0.481408448843441
0.914168210291666 1 0.681120199781508 0.567752908170917 0.366294572015752 0.511116166871867 0.181951651988784 0.389691777083879 0.416232104046453 0.508391778203478 0.499112496713687 0.532051070130246
0.660745612699861 0.681120199781508 1 0.934849956781937 0.581697630665055 0.706476040765573 0.346434363852264 0.47501418133347 0.612005342076455 0.783944381271597 0.797101746572043 0.761529006816415
0.518552081220154 0.567752908170917 0.934849956781937 1 0.483025155478917 0.695688359801208 0.347487396920718 0.388727647469924 0.475943032245858 0.746947467421036 0.696346918440642 0.771761447134823
0.393477582154115 0.366294572015752 0.581697630665055 0.483025155478917 1 0.723579375321467 0.443714347202807 0.507596608269743 0.779633793222935 0.64560809936812 0.832396711421163 0.721709366247479
0.432790807129578 0.511116166871867 0.706476040765574 0.695688359801208 0.723579375321467 1 0.420202964572311 0.54417392583266 0.636327730716747 0.759878991087112 0.805429808798225 0.860818436256187
0.180395574447643 0.181951651988784 0.346434363852264 0.347487396920718 0.443714347202807 0.420202964572311 1 0.551657974403951 0.407107676536785 0.448798605426748 0.433929474112691 0.459962836374726
0.360550600280843 0.389691777083879 0.47501418133347 0.388727647469924 0.507596608269743 0.54417392583266 0.551657974403951 1 0.451281381384777 0.535314030346986 0.571992134036903 0.503160185871189
0.500002944095654 0.416232104046453 0.612005342076455 0.475943032245858 0.779633793222935 0.636327730716748 0.407107676536785 0.451281381384777 1 0.748120512779632 0.84656280079782 0.702157004365606
0.531409068088798 0.508391778203478 0.783944381271598 0.746947467421036 0.64560809936812 0.759878991087112 0.448798605426748 0.535314030346986 0.748120512779632 1 0.808578384519294 0.87639504606069
0.532603034889685 0.499112496713687 0.797101746572043 0.696346918440642 0.832396711421163 0.805429808798225 0.433929474112691 0.571992134036903 0.84656280079782 0.808578384519294 1 0.851612957936855
0.481408448843441 0.532051070130246 0.761529006816416 0.771761447134823 0.721709366247479 0.860818436256187 0.459962836374726 0.503160185871189 0.702157004365606 0.87639504606069 0.851612957936855 1
