1 0.786061203343257 0.702237359889294 0.525571554692725 0.421186584537786 0.0423374855779004 0.2369956982175 0.115989617285771 0.495218170256265 0.0848364289332428 0.677294313758213 0.561686848549066
0.786061203343257 1 0.689135854145214 0.654673220266043 0.357362972935355 0.0273995618570767 0.295864313701166 0.177029893000712 0.403755127656744 0.324323594728157 0.540246899030586 0.695854706838215
0.702237359889294 0.689135854145214 1 0.882847398525933 0.460572699815778 0.132640285465466 0.283771413496802 0.0162470012414078 0.510607261154133 0.193285234489711 0.798305868949369 0.835891215164526
0.525571554692725 0.654673220266043 0.882847398525933 1 0.435878839228639 0.186172262493399 0.288186520429818 -0.000318134798373149 0.325719744831447 0.30600191626111 0.600451482928106 0.786799584625127
0.421186584537786 0.357362972935355 0.460572699815778 0.435878839228639 1 0.356587008460844 0.102343501561216 -0.00692162032530383 0.290917101323816 0.288890969029304 0.536045863607763 0.348401709745763
0.0423374855779004 0.0273995618570767 0.132640285465466 0.186172262493399 0.356587008460844 1 0.137478863937812 0.0194765132844283 0.277688476302117 0.257863904048309 0.253400405939117 0.225507452783715
0.2369956982175 0.295864313701166 0.283771413496802 0.288186520429818 0.102343501561216 0.137478863937812 1 0.358174275161922 0.0928070811641068 0.0221017867306747 0.230024425186087 0.156702059761351
0.115989617285771 0.177029893000712 0.0162470012414078 -0.000318134798373149 -0.00692162032530383 0.0194765132844283 0.358174275161922 1 0.0366856534374575 0.183907777404479 0.0355016229856358 0.117361333591183
0.495218170256265 0.403755127656744 0.510607261154133 0.325719744831447 0.290917101323816 0.277688476302117 0.0928070811641067 0.0366856534374575 1 0.187925746706557 0.632419782370988 0.521065556303594
0.0848364289332428 0.324323594728157 0.193285234489711 0.30600191626111 0.288890969029304 0.257863904048309 0.0221017867306747 0.183907777404479 0.187925746706557 1 0.116360504676171 0.419786620638206
0.677294313758213 0.540246899030586 0.798305868949369 0.600451482928106 0.536045863607763 0.253400405939117 0.230024425186087 0.0355016229856358 0.632419782370988 0.116360504676171 1 0.731276465473409
0.561686848549066 0.695854706838215 0.835891215164527 0.786799584625127 0.348401709745763 0.225507452783715 0.156702059761351 0.117361333591183 0.521065556303594 0.419786620638206 0.731276465473408 1
