1 0.881380663866695 0.614130088321065 0.50149456796274 0.0594104523645145 0.422754157332197 0.0683820989506232 0.256419939983388 0.154761735608886 0.299538950778304 0.391338462737668 0
0.881380663866695 1 0.503140897656818 0.413929426425491 0.0231691806289123 0.380417524035006 0.117259913272199 0.262114215099283 0 0.286621017024096 0.384343501438483 0.0832509736352747
0.614130088321065 0.503140897656818 1 0.843250658027085 0.0998904047528763 0.505281198530165 0.0184510577867398 0.198549011338339 0.394670356322533 0.248495640459482 0.612261238754546 0.347973701503759
0.50149456796274 0.413929426425491 0.843250658027084 1 0.00417045335064622 0.525127646260855 0.00208961072086259 0.107997797307814 0.349133170940339 0.276356093131055 0.401920378659404 0.389319650851156
0.0594104523645145 0.0231691806289123 0.0998904047528763 0.00417045335064622 1 0.124687962684217 0.0320996375449667 0.0182835236455628 0.219123334878572 0 0.0382451364674554 0
0.422754157332197 0.380417524035006 0.505281198530165 0.525127646260855 0.124687962684217 1 0.114296552634178 0.0988936976664574 0.238508744623365 0.18332829714814 0.386537107524313 0.172074680518585
0.0683820989506232 0.117259913272199 0.0184510577867398 0.00208961072086259 0.0320996375449667 0.114296552634178 1 0.324464511658732 0 0.172766376447253 0.255603183146561 0.181856695733443
0.256419939983388 0.262114215099283 0.198549011338339 0.107997797307814 0.0182835236455628 0.0988936976664574 0.324464511658732 1 0.0669355256717013 0.145541822216494 0.188193395650049 0.0843223361526035
0.154761735608886 0 0.394670356322533 0.349133170940339 0.219123334878572 0.238508744623365 0 0.0669355256717013 1 0.0561952154308643 0.30706042828767 0.273786900732346
0.299538950778304 0.286621017024096 0.248495640459482 0.276356093131055 0 0.18332829714814 0.172766376447253 0.145541822216494 0.0561952154308643 1 0.254856232282969 0.153869712825639
0.391338462737668 0.384343501438483 0.612261238754546 0.401920378659404 0.0382451364674554 0.386537107524313 0.255603183146561 0.188193395650049 0.30706042828767 0.254856232282969 1 0.507841629227414
0 0.0832509736352747 0.347973701503759 0.389319650851156 0 0.172074680518585 0.181856695733443 0.0843223361526035 0.273786900732346 0.153869712825639 0.507841629227414 1
