1 0.827599685908543 0.613192649168174 0.461676440869579 0.663286926956107 0.371469636511497 0.408331221736644 0.376292585102324 0.651006852887278 0.341627751896408 0.678811985027361 0.42956929318349
0.827599685908543 1 0.497372410252569 0.505774944324509 0.606461558663446 0.608010099148398 0.449980705039609 0.397861740016714 0.615150773426014 0.659672609594679 0.594248468661458 0.558091948787499
0.613192649168174 0.497372410252569 1 0.893814877865355 0.427786071511003 0.341161608383938 0.283716152963076 0.271959060553443 0.53799596324632 0.34332902878419 0.736433497276179 0.717704595501778
0.461676440869579 0.505774944324509 0.893814877865355 1 0.30552608680471 0.423801705722853 0.200071211948906 0.290502541087252 0.437130042800408 0.426876873878941 0.5910579992136 0.787746454678644
0.663286926956107 0.606461558663446 0.427786071511003 0.30552608680471 1 0.698580885599023 0.423068303016482 0.277450879837994 0.668937198619245 0.473700706623482 0.798575483158731 0.427609321871048
0.371469636511497 0.608010099148398 0.341161608383938 0.423801705722853 0.698580885599023 1 0.398051077775813 0.269796605897267 0.509341067573233 0.70323041661629 0.605183960512736 0.624690666479385
0.408331221736644 0.449980705039609 0.283716152963076 0.200071211948906 0.423068303016482 0.398051077775813 1 0.41530587373758 0.422713395122665 0.334583412426545 0.351184634957108 0.278734954456764
0.376292585102324 0.397861740016714 0.271959060553443 0.290502541087252 0.277450879837994 0.269796605897267 0.41530587373758 1 0.300918578657812 0.153388209191487 0.195627036746666 0.269082381149714
0.651006852887278 0.615150773426014 0.53799596324632 0.437130042800408 0.668937198619245 0.509341067573232 0.422713395122665 0.300918578657812 1 0.627472196206546 0.76561426293713 0.605137369873772
0.341627751896408 0.659672609594679 0.34332902878419 0.426876873878941 0.473700706623482 0.70323041661629 0.334583412426545 0.153388209191487 0.627472196206546 1 0.552713661457322 0.731410599638724
0.678811985027361 0.594248468661457 0.736433497276179 0.5910579992136 0.798575483158731 0.605183960512736 0.351184634957108 0.195627036746666 0.76561426293713 0.552713661457322 1 0.704478056881301
0.42956929318349 0.5580919487875 0.717704595501778 0.787746454678644 0.427609321871048 0.624690666479385 0.278734954456764 0.269082381149714 0.605137369873772 0.731410599638724 0.704478056881301 1
