1 0.348950200589536 0.342281172787429 0.0386018280766888 0 0.096425529244627 0.0579044909565217 0 0.430407999317102 0 0.263681662148253 0.0958657038676129
0.348950200589536 1 0.451132865558709 0.450232078654825 0.037215370354566 0.284782513494917 0.106490832100975 0.0751988905788539 0.0672942414077034 0.247430896855214 0.176009653033268 0.377534214001823
0.342281172787429 0.451132865558709 1 0.801123216288667 0.228405621059165 0.3189401577952 0.218084147978772 0.260568992273922 0.478441215473159 0.30380515998311 0.634625768410442 0.47937666673812
0.0386018280766888 0.450232078654825 0.801123216288667 1 0.198834589551666 0.249535833380474 0.179030266355277 0.262192127737533 0.349047887047736 0.429152964932106 0.453863566624107 0.491790327505118
0 0.037215370354566 0.228405621059165 0.198834589551666 1 0.444070665723819 0.387627720472365 0.285788699709774 0.329130008669097 0.502506403747036 0.423314370058384 0.327759674778926
0.096425529244627 0.284782513494917 0.3189401577952 0.249535833380474 0.444070665723819 1 0.41187002422413 0.372885974132353 0.24895909811566 0.326859652823831 0.49162929750546 0.530051496324978
0.0579044909565217 0.106490832100975 0.218084147978772 0.179030266355277 0.387627720472365 0.41187002422413 1 0.622560978067117 0.13336603684984 0.259004325812397 0.265161941664724 0.149911423992629
0 0.0751988905788539 0.260568992273922 0.262192127737533 0.285788699709774 0.372885974132353 0.622560978067117 1 0.0250802586396503 0.204896485776426 0.331015811400451 0.308361324101264
0.430407999317102 0.0672942414077034 0.478441215473159 0.349047887047736 0.329130008669097 0.24895909811566 0.13336603684984 0.0250802586396503 1 0.373724140228677 0.532938658236508 0.269215372966782
0 0.247430896855214 0.30380515998311 0.429152964932106 0.502506403747036 0.326859652823831 0.259004325812397 0.204896485776427 0.373724140228677 1 0.275191398576588 0.400068216618624
0.263681662148253 0.176009653033268 0.634625768410442 0.453863566624107 0.423314370058384 0.49162929750546 0.265161941664724 0.331015811400451 0.532938658236508 0.275191398576588 1 0.730363600061521
0.0958657038676129 0.377534214001823 0.47937666673812 0.491790327505118 0.327759674778926 0.530051496324978 0.149911423992629 0.308361324101264 0.269215372966782 0.400068216618624 0.730363600061521 1
