0 0 0 0 0 -0.21612398271761 -0.113379860261958 0 0 -0.271742346358907 0 -0.213476943403643
0 0 0 0 -0.149526928263369 -0.0693389963261262 -0.180076786693221 0 0 0 -0.132927334846668 -0.165319379292731
0 0 0 0 0 0 0 0 0 0 0 0
0 0 0 0 0 0 0 0 0 0 0 0
0 -0.149526928263369 0 0 0 0 0 0 0 -0.123341188398705 0 0
-0.21612398271761 -0.0693389963261262 0 0 0 0 0 0 -0.0761354701136541 0 0 0
-0.113379860261958 -0.180076786693221 0 0 0 0 0 0 -0.159312053085192 -0.0529066881642624 -0.127352603282362 -0.113097377057986
0 0 0 0 0 0 0 0 -0.0105749610027903 0 0 0
0 0 0 0 0 -0.0761354701136541 -0.159312053085192 -0.0105749610027903 0 0 0 0
-0.271742346358907 0 0 0 -0.123341188398705 0 -0.0529066881642624 0 0 0 -0.0355467511838214 0
0 -0.132927334846668 0 0 0 0 -0.127352603282362 0 0 -0.0355467511838214 0 0
-0.213476943403643 -0.165319379292731 0 0 0 0 -0.113097377057986 0 0 0 0 0
