1 0.778258789189443 0.357558126625083 0.0285312411522186 0.547935731771769 0.413860642946502 0.048361234062178 0.0971040907440275 0.603056829153079 0.298090843205782 0.652943367798644 0.4693144653996
0.778258789189443 1 0.45770827001059 0.369514204397166 0.567282173247832 0.574674550445594 0.103333286500809 0.271178147554918 0.659988290159939 0.544441563018789 0.60943054644638 0.653864806744965
0.357558126625083 0.45770827001059 1 0.803767624964837 0.636876421740451 0.694110377267189 0.29643441836532 0.428093115882424 0.572502479097372 0.361561462710506 0.660321059928527 0.7505167992248
0.0285312411522186 0.369514204397166 0.803767624964837 1 0.427231184151361 0.708520685910715 0.325628135448464 0.494852682412866 0.4027500475982 0.463226045379591 0.335257948782265 0.645157211498691
0.547935731771769 0.567282173247832 0.636876421740451 0.427231184151361 1 0.635673697893539 0.16786463556576 0.275037768355564 0.633785462528356 0.379716904086081 0.709080268708625 0.661862233986973
0.413860642946502 0.574674550445594 0.694110377267189 0.708520685910715 0.635673697893539 1 0.280771751653274 0.429186671399776 0.633838092595683 0.558157207102453 0.535438703708619 0.738278609968769
0.048361234062178 0.103333286500809 0.29643441836532 0.325628135448464 0.16786463556576 0.280771751653274 1 0.234566573931889 0.160126269853749 0.133686810256238 0.14942117003838 0.165217708540452
0.0971040907440275 0.271178147554918 0.428093115882424 0.494852682412866 0.275037768355564 0.429186671399776 0.234566573931889 1 0.365593848650383 0.470849783806657 0.278155912549397 0.446264759602481
0.603056829153079 0.659988290159939 0.572502479097372 0.4027500475982 0.633785462528356 0.633838092595683 0.160126269853749 0.365593848650383 1 0.600550877628681 0.83582931805462 0.681481361417119
0.298090843205782 0.544441563018789 0.361561462710506 0.463226045379591 0.379716904086081 0.558157207102453 0.133686810256238 0.470849783806657 0.600550877628681 1 0.379281952073913 0.467655907832513
0.652943367798644 0.60943054644638 0.660321059928527 0.335257948782265 0.709080268708625 0.535438703708619 0.14942117003838 0.278155912549397 0.83582931805462 0.379281952073913 1 0.713400960559045
0.4693144653996 0.653864806744965 0.7505167992248 0.645157211498691 0.661862233986973 0.738278609968769 0.165217708540452 0.446264759602481 0.681481361417119 0.467655907832513 0.713400960559045 1
