0 0 0 -0.393410873556632 0 0 0 -0.28618327702194 0 0 0 -0.180018088547256
0 0 0 0 0 0 0 -0.222826362510081 0 0 -0.0567491172481133 0
0 0 0 0 0 0 0 0 0 0 0 0
-0.393410873556632 0 0 0 -0.137896967707795 0 0 0 -0.373491584763807 0 -0.0939033199377431 0
0 0 0 -0.137896967707795 0 0 0 0 0 0 0 -0.023993817856698
0 0 0 0 0 0 0 -0.0955395349137109 -0.109274078617688 0 0 0
0 0 0 0 0 0 0 0 -0.026616847803703 0 -0.0965476620823782 0
-0.28618327702194 -0.222826362510081 0 0 0 -0.0955395349137109 0 0 -0.106192551265629 0 -0.170230530695428 0
0 0 0 -0.373491584763807 0 -0.109274078617688 -0.026616847803703 -0.106192551265629 0 0 0 -0.384936055398604
0 0 0 0 0 0 0 0 0 0 -0.0140978637517045 0
0 -0.0567491172481133 0 -0.0939033199377431 0 0 -0.0965476620823782 -0.170230530695428 0 -0.0140978637517045 0 0
-0.180018088547256 0 0 0 -0.023993817856698 0 0 0 -0.384936055398604 0 0 0
