1 0.774149705433955 0.601084189697804 0.388286114622822 0.214654922109135 0.312821027279826 0.277924507482138 0.188332544983934 0.634185305037155 0.147407463883242 0.521222664845863 0.326271525710031
0.774149705433955 1 0.50542404833213 0.524335670750603 0.217707394975675 0.318359803497759 0.335257053439162 0.235956104388582 0.377155331792092 0.295809837670132 0.295233531147509 0.464597980827764
0.601084189697804 0.50542404833213 1 0.792335874267793 0.379111430043886 0.301070986059402 0.310528666529061 0.275954999366147 0.681248569207581 0.4384358753657 0.673519283394724 0.448623937372235
0.388286114622822 0.524335670750603 0.792335874267793 1 0.356003586383653 0.345578118582443 0.280477789420184 0.404281206843305 0.451106664316213 0.590951237949696 0.509972919102315 0.66410606453119
0.214654922109135 0.217707394975675 0.379111430043886 0.356003586383653 1 0.185513983241399 0.527209400870879 0.376802539147865 0.317263948934385 0.31918054075165 0.321000494575838 0.368784454003679
0.312821027279826 0.31835980349776 0.301070986059402 0.345578118582443 0.185513983241399 1 0.383293050661611 0.317969874316056 0.517631158009992 0.272484375132932 0.540922939795964 0.504616611697733
0.277924507482138 0.335257053439162 0.310528666529061 0.280477789420184 0.527209400870879 0.383293050661611 1 0.561112447808537 0.41091492107995 0.24083717756523 0.32947061092206 0.36140657710129
0.188332544983934 0.235956104388582 0.275954999366147 0.404281206843305 0.376802539147865 0.317969874316056 0.561112447808537 1 0.312828515739668 0.329908988609051 0.275608532938322 0.292513995544044
0.634185305037156 0.377155331792092 0.681248569207581 0.451106664316213 0.317263948934385 0.517631158009992 0.41091492107995 0.312828515739668 1 0.393562751093867 0.851949830034313 0.487307495867014
0.147407463883242 0.295809837670132 0.4384358753657 0.590951237949696 0.31918054075165 0.272484375132932 0.24083717756523 0.329908988609051 0.393562751093867 1 0.359525731746075 0.661563342097589
0.521222664845863 0.295233531147509 0.673519283394724 0.509972919102316 0.321000494575838 0.540922939795964 0.32947061092206 0.275608532938322 0.851949830034313 0.359525731746075 1 0.571535607712598
0.326271525710031 0.464597980827764 0.448623937372235 0.66410606453119 0.368784454003679 0.504616611697733 0.36140657710129 0.292513995544044 0.487307495867014 0.661563342097589 0.571535607712598 1
