0 0 0 0 0 0.0219112831939802 0 0.0637233639705814 0 0.105812608528287 0 0
0 0 0 0 0 0.0691984973049714 0 0.0617518431111978 0 0.140321662441896 0 0
0 0 0 0 0 0.0525528424308366 0 0 0 0.0188427585572163 0 0
0 0 0 0 0.0771541120688061 0.066664968885085 0.0872685281347589 0 0 0.0163361741893039 0 0
0 0 0 0.0771541120688061 0 0 0 0 0 0 0 0.102529851328845
0.0219112831939802 0.0691984973049714 0.0525528424308366 0.066664968885085 0 0 0 0.0159855797565218 0.282995818411045 0.096428631640286 0.0857404959235242 0.00963443951423453
0 0 0 0.0872685281347589 0 0 0 0 0 0 0 0
0.0637233639705814 0.0617518431111978 0 0 0 0.0159855797565218 0 0 0 0 0 0
0 0 0 0 0 0.282995818411045 0 0 0 0 0 0
0.105812608528287 0.140321662441896 0.0188427585572163 0.0163361741893039 0 0.096428631640286 0 0 0 0 0.119523891818345 0.00946546478829045
0 0 0 0 0 0.0857404959235242 0 0 0 0.119523891818345 0 0
0 0 0 0 0.102529851328844 0.00963443951423453 0 0 0 0.00946546478829045 0 0
