1 0.292780282626756 0.323606235532337 -0.0469820783979668 0.186507611078147 0.246143677228704 -0.195589196431076 0.0134429133456667 0.20175532145975 -0.200209042494297 0.32848085284793 0.0189278656609126
0.292780282626756 1 0.13234649552654 0.278340632901587 -0.107948828346217 0.194289840253566 0.0241116249890621 0.184549409344521 -0.0526185084621672 -0.0785132022780661 0.168749813312928 0.436794359806706
0.323606235532337 0.13234649552654 1 0.743049153231636 0.469436467909445 0.253747184799722 -0.257998398274036 -0.0707177284867044 0.394650927869113 0.191886031483069 0.563550543552526 0.413309671457802
-0.0469820783979668 0.278340632901587 0.743049153231636 1 0.371961743262265 0.330628209553455 -0.157016721299094 0.0373711064713763 0.187238406151776 0.370820712044142 0.271747832403069 0.665299615392499
0.186507611078147 -0.107948828346217 0.469436467909445 0.371961743262265 1 0.446950382482057 -0.230545052952908 -0.0977791383464891 0.246189169387256 0.323893258605606 0.332051674416842 0.251516213651942
0.246143677228704 0.194289840253566 0.253747184799722 0.330628209553455 0.446950382482057 1 -0.236468028926175 0.0406617507844278 0.153969055473014 0.275661764461291 0.220726080462761 0.31701107631555
-0.195589196431076 0.0241116249890621 -0.257998398274036 -0.157016721299094 -0.230545052952908 -0.236468028926175 1 0.256564125847243 -0.167905854401101 -0.107582944346406 -0.141507853144489 -0.15332230339549
0.0134429133456667 0.184549409344521 -0.0707177284867044 0.0373711064713763 -0.0977791383464891 0.0406617507844278 0.256564125847243 1 -0.238062007330772 -0.124441153699734 -0.139893616877705 0.0901551157907084
0.20175532145975 -0.0526185084621673 0.394650927869113 0.187238406151776 0.246189169387256 0.153969055473014 -0.167905854401101 -0.238062007330772 1 0.489849371455281 0.457945157352116 0.0440011432609746
-0.200209042494297 -0.0785132022780661 0.191886031483069 0.370820712044142 0.323893258605606 0.275661764461291 -0.107582944346405 -0.124441153699734 0.489849371455281 1 0.0805556804410555 0.241277795744602
0.32848085284793 0.168749813312928 0.563550543552526 0.271747832403069 0.332051674416842 0.220726080462761 -0.141507853144489 -0.139893616877705 0.457945157352116 0.0805556804410555 1 0.413481151049531
0.0189278656609126 0.436794359806706 0.413309671457802 0.665299615392499 0.251516213651942 0.31701107631555 -0.15332230339549 0.0901551157907084 0.0440011432609746 0.241277795744602 0.413481151049531 1
