1 0.806252315467512 0.794266987902004 0.571004852124193 0.77289293711259 0.681735192707406 0.499330005948436 0.482900398550079 0.578548531655287 0.413303919233342 0.781031808298053 0.639289151046237
0.806252315467512 1 0.63362697167141 0.617933581160436 0.56611293912354 0.732976715135631 0.499983481173397 0.530711430803892 0.291559404046986 0.497082613461949 0.590544556419936 0.744599005725586
0.794266987902004 0.63362697167141 1 0.816764263048355 0.77146944004978 0.668305861105546 0.524958029806825 0.540021671406051 0.646534407267797 0.597621121267583 0.813821672649457 0.693057296686551
0.571004852124193 0.617933581160436 0.816764263048355 1 0.435012271871253 0.630953039627047 0.431632932382037 0.554117202184824 0.324806434505793 0.600671324329673 0.520190483492859 0.714317010357275
0.77289293711259 0.56611293912354 0.77146944004978 0.435012271871252 1 0.741917922601356 0.473129461780951 0.447572260644881 0.734502478724907 0.5209536009636 0.899696079317007 0.614835672380952
0.681735192707406 0.732976715135631 0.668305861105546 0.630953039627047 0.741917922601356 1 0.447925001937965 0.447249853681237 0.423119448410482 0.62695441093856 0.688858916033939 0.793551730797098
0.499330005948436 0.499983481173397 0.524958029806825 0.431632932382037 0.473129461780951 0.447925001937965 1 0.567387783797215 0.367961273265475 0.394105499147123 0.461394219204074 0.424652042586969
0.482900398550079 0.530711430803892 0.540021671406051 0.554117202184824 0.447572260644881 0.447249853681237 0.567387783797215 1 0.347057659933432 0.418589574795156 0.491902097335176 0.532508269281742
0.578548531655287 0.291559404046986 0.646534407267797 0.324806434505793 0.734502478724907 0.423119448410482 0.367961273265475 0.347057659933432 1 0.528187483065732 0.766721585858029 0.397091615879655
0.413303919233342 0.497082613461949 0.597621121267583 0.600671324329673 0.5209536009636 0.62695441093856 0.394105499147123 0.418589574795156 0.528187483065732 1 0.568603765837294 0.602715279583514
0.781031808298053 0.590544556419936 0.813821672649457 0.520190483492859 0.899696079317007 0.688858916033939 0.461394219204074 0.491902097335176 0.766721585858029 0.568603765837294 1 0.69352204374601
0.639289151046237 0.744599005725586 0.693057296686551 0.714317010357275 0.614835672380952 0.793551730797098 0.424652042586969 0.532508269281742 0.397091615879655 0.602715279583514 0.69352204374601 1
