1 0.943815084754137 0.670937728897491 0.442454005928465 0.161227578721967 0.394241269994327 0.0886718194491236 0.0697190500576019 0.537836883099904 0.506583323078542 0.466953645647718 0.449544646165921
0.943815084754137 1 0.668758752615954 0.518562693497729 0.11327826590729 0.449923760832952 0.0649632787644755 0.0988490762165457 0.437771081800096 0.567508705263182 0.402703802883894 0.426287088613142
0.670937728897491 0.668758752615954 1 0.835916184867118 0.526162285391487 0.537520240735705 0.0871754035785756 0.160513947340505 0.552008796556218 0.469997251933285 0.749899236142105 0.612007714173354
0.442454005928465 0.518562693497729 0.835916184867118 1 0.358917592547706 0.57910620086072 0.0472394934617481 0.320496365413633 0.271795010638395 0.503538430023464 0.462633190928157 0.451500210357449
0.161227578721967 0.11327826590729 0.526162285391487 0.358917592547706 1 0.284568490787787 0 0 0.525999962933846 0.157488727132143 0.541905296968762 0.452613976476187
0.394241269994328 0.449923760832952 0.537520240735705 0.57910620086072 0.284568490787787 1 0 0.200099822479816 0.233496373621379 0.566346302221672 0.302549460782027 0.460252187732868
0.0886718194491236 0.0649632787644754 0.0871754035785756 0.0472394934617481 0 0 1 0.294412840207311 0 0 0.167899943354162 0.059536128516589
0.0697190500576019 0.0988490762165457 0.160513947340505 0.320496365413633 0 0.200099822479816 0.294412840207311 1 0 0.220598610060004 0 0.0125290678265202
0.537836883099904 0.437771081800096 0.552008796556218 0.271795010638395 0.525999962933846 0.233496373621379 0 0 1 0.212422129532198 0.491822537765708 0.539612817952035
0.506583323078542 0.567508705263182 0.469997251933285 0.503538430023464 0.157488727132143 0.566346302221672 0 0.220598610060004 0.212422129532198 1 0.19326918419015 0.408688136555236
0.466953645647718 0.402703802883894 0.749899236142105 0.462633190928157 0.541905296968762 0.302549460782027 0.167899943354162 0 0.491822537765708 0.19326918419015 1 0.700172294273053
0.449544646165921 0.426287088613142 0.612007714173354 0.451500210357449 0.452613976476187 0.460252187732868 0.059536128516589 0.0125290678265202 0.539612817952035 0.408688136555236 0.700172294273053 1
