1 0.903523382738463 0.549569328425849 0.563203260938271 0.59042358030113 0.50324957007124 0.307137947215151 0.409023287585732 0.318734261817654 0.272046363778863 0.547869011125753 0.625132531861697
0.903523382738463 1 0.598422384990518 0.612420273008527 0.569995405354042 0.379626356889878 0.233388257243954 0.317395595735803 0.299212641787558 0.36102790134853 0.565018378723525 0.638354904604039
0.549569328425849 0.598422384990518 1 0.885726876958628 0.462416712319057 0.369140688614316 0.367630487211079 0.324413210383213 0.250679935849846 0.316358776353931 0.581852349198829 0.627411825651925
0.563203260938271 0.612420273008527 0.885726876958628 1 0.473499116284003 0.365526041257413 0.396464472692016 0.393140874200023 0.280332069704251 0.35718625353541 0.596056867629258 0.743971664964068
0.59042358030113 0.569995405354042 0.462416712319057 0.473499116284003 1 0.353895176129617 0.265697575554571 0.317092826792386 0.264320683278518 0.288373602679178 0.488890486832087 0.588307024029137
0.50324957007124 0.379626356889878 0.369140688614316 0.365526041257413 0.353895176129617 1 0.366028205040705 0.438717284290757 0.339126169359244 0.161376608072228 0.48809367549382 0.570976283427051
0.307137947215151 0.233388257243954 0.367630487211079 0.396464472692016 0.265697575554571 0.366028205040705 1 0.285263990112268 0.349959415250109 0.303826231874446 0.430923901433848 0.422869708242897
0.409023287585732 0.317395595735803 0.324413210383213 0.393140874200023 0.317092826792386 0.438717284290757 0.285263990112268 1 0.185836969986841 0.113885677945584 0.326715829860904 0.389072182885244
0.318734261817654 0.299212641787558 0.250679935849846 0.280332069704251 0.264320683278518 0.339126169359244 0.349959415250109 0.185836969986841 1 0.514907068228916 0.505523023770557 0.465743599297765
0.272046363778863 0.36102790134853 0.316358776353931 0.35718625353541 0.288373602679178 0.161376608072228 0.303826231874446 0.113885677945584 0.514907068228916 1 0.401543380188537 0.522856708893348
0.547869011125753 0.565018378723525 0.581852349198829 0.596056867629258 0.488890486832087 0.48809367549382 0.430923901433848 0.326715829860904 0.505523023770557 0.401543380188537 1 0.827506520721776
0.625132531861697 0.638354904604039 0.627411825651925 0.743971664964068 0.588307024029137 0.57097628342705 0.422869708242897 0.389072182885244 0.465743599297765 0.522856708893348 0.827506520721776 1
