1 0.930942879499877 0.585703214011113 0.601030351093576 0.428085146519328 0.473600866167436 0.318308645039675 0.375556009065628 0.0167514721416388 0.654026052670009 0.466414045515598 0.568913480914975
0.930942879499877 1 0.652866631840185 0.687512630933532 0.398911600544177 0.560055475409826 0.301555907147772 0.414732823371433 0 0.714009021316808 0.454786953097651 0.647455721680996
0.585703214011112 0.652866631840185 1 0.935943580325863 0.327259619050663 0.581828396274312 0.341321340476649 0.399507846722047 0.128539014624097 0.745976237798721 0.62680977876912 0.758813193829774
0.601030351093576 0.687512630933532 0.935943580325863 1 0.36489549039975 0.622086162796015 0.358925953000194 0.481067087940851 0.0160335895784592 0.753471978700956 0.516385574576956 0.815697569648369
0.428085146519328 0.398911600544177 0.327259619050664 0.36489549039975 1 0.473952958590134 0.0859335213502511 0.171564354347729 0.416786422170048 0.565491533795392 0.55014244643757 0.545762569821761
0.473600866167436 0.560055475409826 0.581828396274312 0.622086162796015 0.473952958590134 1 0.198931990402791 0.296129635945509 0.0673821534694207 0.650643606182136 0.526494235496283 0.667517293417852
0.318308645039675 0.301555907147771 0.341321340476649 0.358925953000194 0.0859335213502511 0.198931990402791 1 0.552755486298722 0 0.220256451920096 0.157675441289194 0.282285210136624
0.375556009065628 0.414732823371433 0.399507846722047 0.481067087940851 0.171564354347729 0.296129635945509 0.552755486298722 1 0 0.295842590835369 0.210569194783474 0.404218532597976
0.0167514721416388 0 0.128539014624097 0.0160335895784592 0.416786422170048 0.0673821534694207 0 0 1 0.342587757171458 0.596590333536767 0.306686761423682
0.654026052670009 0.714009021316808 0.745976237798721 0.753471978700956 0.565491533795392 0.650643606182136 0.220256451920096 0.295842590835369 0.342587757171458 1 0.614576717435217 0.893632812759458
0.466414045515598 0.454786953097651 0.62680977876912 0.516385574576956 0.55014244643757 0.526494235496283 0.157675441289194 0.210569194783474 0.596590333536767 0.614576717435217 1 0.663034475405383
0.568913480914975 0.647455721680996 0.758813193829774 0.815697569648369 0.545762569821761 0.667517293417852 0.282285210136624 0.404218532597976 0.306686761423682 0.893632812759458 0.663034475405383 1
