0 0 0 0 0 0 -0.133503516413198 -0.168293157711887 0 0 0 0
0 0 0 0 0 0 -0.232926739102071 -0.186282135424006 0 0 0 0
0 0 0 0 0 0 -0.000321580566267353 -0.0710962026991523 0 0 0 0
0 0 0 0 0 0 -0.0862835950032959 -0.0652267151411683 0 0 0 0
0 0 0 0 0 0 -0.109239107908594 -0.157425348881747 0 0 0 0
0 0 0 0 0 0 -0.109979333353881 0 0 0 0 0
-0.133503516413198 -0.232926739102071 -0.000321580566267353 -0.0862835950032959 -0.109239107908594 -0.109979333353881 0 0 0 -0.0577412580370571 0 -0.133693288010185
-0.168293157711887 -0.186282135424006 -0.0710962026991523 -0.0652267151411683 -0.157425348881747 0 0 0 -0.107945764081415 -0.0241900965667766 -0.0665771432516257 -0.0347666339124044
0 0 0 0 0 0 0 -0.107945764081415 0 0 0 0
0 0 0 0 0 0 -0.0577412580370571 -0.0241900965667766 0 0 0 0
0 0 0 0 0 0 0 -0.0665771432516257 0 0 0 0
0 0 0 0 0 0 -0.133693288010185 -0.0347666339124044 0 0 0 0
