1 0.62416335939764 0.148161538525959 0 0.247153095959828 0.0607704740974539 0.0835966847945708 0 0.333001609287925 0.120312620825904 0.242239619525864 0
0.62416335939764 1 0.225842044789277 0.0405947691649892 0.0498282751962568 0.231612751839376 0.337637386343497 0 0.0252148161766994 0.506254115948734 0 0.308457268398848
0.148161538525959 0.225842044789277 1 0.343863284355188 0.131043772904466 0.252917405998856 0.261878517901373 0.0378432729633518 0.197801510338468 0.344056684601468 0.236017800624654 0.247415443449176
0 0.0405947691649892 0.343863284355188 1 0 0.30955052062698 0.287848989293186 0.479187170465109 0 0.458192537529015 0 0.632341349337071
0.247153095959828 0.0498282751962568 0.131043772904466 0 1 0.153059527637911 0.106371070815576 0.0214395468685636 0.251595401432641 0.218306249260356 0.293753603694018 0
0.0607704740974539 0.231612751839376 0.252917405998856 0.30955052062698 0.153059527637911 1 0.074393894283823 0 0 0.204367652878722 0.0538075405522753 0.50946397743313
0.0835966847945708 0.337637386343497 0.261878517901373 0.287848989293186 0.106371070815576 0.074393894283823 1 0.0984001557042056 0 0.377816036292996 0 0.119975137415115
0 0 0.0378432729633518 0.479187170465109 0.0214395468685636 0 0.0984001557042056 1 0 0.164916654536112 0 0.0639643036419365
0.333001609287925 0.0252148161766994 0.197801510338468 0 0.251595401432641 0 0 0 1 0.102080413552032 0.375471240415044 0
0.120312620825904 0.506254115948734 0.344056684601468 0.458192537529015 0.218306249260356 0.204367652878722 0.377816036292996 0.164916654536112 0.102080413552032 1 0 0.496747409593317
0.242239619525864 0 0.236017800624654 0 0.293753603694018 0.0538075405522753 0 0 0.375471240415044 0 1 0.0462620020991788
0 0.308457268398848 0.247415443449176 0.632341349337071 0 0.50946397743313 0.119975137415115 0.0639643036419365 0 0.496747409593317 0.0462620020991788 1
