1 0.915235223793108 0.464106667719554 -0.123646103966579 0.627980334353042 0.517803811396337 0.351826053865567 0.437434597538304 0.526001118407786 -0.110099248298616 0.284201768988276 -0.317246023220698
0.915235223793108 1 0.531083991173285 0.0913812391462375 0.458916234515377 0.50137143362873 0.315460573590357 0.40664438008409 0.411197695053475 0.0134526816800552 0.196982957490725 -0.173839570898264
0.464106667719554 0.531083991173285 1 0.634379886680067 0.397181068087961 0.309316645715508 0.28591334775639 0.340137360356606 0.286689734093026 0.19946894403587 0.530440127159084 0.199221673316843
-0.123646103966579 0.0913812391462375 0.634379886680067 1 -0.117030846506925 0.023930039872174 -0.0317967521029997 -0.00837074488729238 -0.0984636154300326 0.410483194521575 0.249187200551891 0.536655451018931
0.627980334353042 0.458916234515377 0.397181068087961 -0.117030846506925 1 0.671467589250903 0.268325156051666 0.448758912550667 0.625040693738749 0.110191864043662 0.677659573985971 -0.0260350768999116
0.517803811396337 0.50137143362873 0.309316645715508 0.023930039872174 0.671467589250902 1 0.280981204711141 0.432659242455074 0.570850074715389 0.317178053544133 0.612845671141358 0.216124816870964
0.351826053865567 0.315460573590357 0.28591334775639 -0.0317967521029997 0.268325156051666 0.280981204711141 1 0.569649963729876 0.166404435005692 0.0831215274149504 0.195403241529738 0.0031796881448073
0.437434597538304 0.406644380084089 0.340137360356606 -0.00837074488729238 0.448758912550667 0.432659242455074 0.569649963729876 1 0.34553007979668 0.119293328579088 0.353691288077497 -0.00218225333538022
0.526001118407786 0.411197695053475 0.286689734093026 -0.0984636154300326 0.625040693738749 0.570850074715389 0.166404435005692 0.34553007979668 1 0.383072299664797 0.729968596834234 0.127127449070704
-0.110099248298616 0.0134526816800552 0.19946894403587 0.410483194521575 0.110191864043662 0.317178053544133 0.0831215274149504 0.119293328579088 0.383072299664797 1 0.52269429674441 0.810828172343491
0.284201768988276 0.196982957490725 0.530440127159084 0.249187200551891 0.677659573985971 0.612845671141358 0.195403241529738 0.353691288077497 0.729968596834234 0.52269429674441 1 0.44546447273833
-0.317246023220698 -0.173839570898264 0.199221673316843 0.536655451018931 -0.0260350768999116 0.216124816870964 0.0031796881448073 -0.00218225333538022 0.127127449070704 0.810828172343491 0.44546447273833 1
