1 0.284727102253038 0.196038150834043 0.0917374975203876 0.398985135905046 0.218426144249717 0.198857492792045 0.317724081789022 0.376173340060064 0.0453552153771594 0.235122839592241 0.221361931381979
0.284727102253038 1 0.191497404647286 0.167870943176789 0.312355349905159 0.223376393739705 0 0 0.333946696278562 0.217329032381009 0.396405501525155 0.374626956112525
0.196038150834043 0.191497404647286 1 0.818334792628717 0.536851219144941 0.427224256428844 0.15559384033228 0.0791906705626736 0.501016338182598 0.368806683763919 0.701513023376363 0.765060197795552
0.0917374975203876 0.167870943176789 0.818334792628717 1 0.231102687821293 0.321087181174359 0.191955041806666 0.204992524517311 0.175954939872481 0.27751091675967 0.385579597357839 0.701434533141773
0.398985135905046 0.312355349905159 0.536851219144941 0.231102687821293 1 0.454889417609874 0.103347744240255 0.140852979622002 0.620832907528925 0.163342684223917 0.76395105520786 0.686088844176247
0.218426144249717 0.223376393739705 0.427224256428844 0.321087181174359 0.454889417609874 1 0.409657832516568 0.280956694927953 0.384257148052317 0.277515102992376 0.493141981884193 0.501561527566605
0.198857492792045 0 0.15559384033228 0.191955041806666 0.103347744240255 0.409657832516568 1 0.558709315393579 0.158503917736218 0.341110384863512 0.159622162314547 0.132239735725722
0.317724081789022 0 0.0791906705626736 0.204992524517311 0.140852979622002 0.280956694927953 0.558709315393579 1 0 0.169691633137684 0.0158120588628796 0.18272720089934
0.376173340060064 0.333946696278562 0.501016338182598 0.175954939872481 0.620832907528925 0.384257148052316 0.158503917736218 0 1 0.471374845306662 0.790028744360669 0.59628381935618
0.0453552153771594 0.217329032381009 0.368806683763919 0.27751091675967 0.163342684223917 0.277515102992376 0.341110384863512 0.169691633137684 0.471374845306662 1 0.428672132987712 0.438768989423095
0.235122839592241 0.396405501525156 0.701513023376363 0.385579597357839 0.76395105520786 0.493141981884193 0.159622162314547 0.0158120588628796 0.790028744360669 0.428672132987712 1 0.779388791711878
0.221361931381979 0.374626956112525 0.765060197795552 0.701434533141773 0.686088844176247 0.501561527566605 0.132239735725722 0.18272720089934 0.59628381935618 0.438768989423095 0.779388791711878 1
