1 0.94094244854496 0.78901862023833 0.622277869246606 0.651727827638418 0.633893524906828 0.475080160502413 0.451098908296445 0.800278301779785 0.635336821817922 0.76041422459283 0.748966711846505
0.94094244854496 1 0.752906107467973 0.659678481589937 0.644556679100858 0.638770956308495 0.394545524641128 0.364236862831134 0.707242795240952 0.682671778718538 0.673273695778691 0.751402711131793
0.78901862023833 0.752906107467973 1 0.906671488720902 0.537897325218743 0.630429444088591 0.374609303214707 0.408372430337821 0.752711962784402 0.55874252778803 0.802445846534568 0.757936282554336
0.622277869246606 0.659678481589937 0.906671488720902 1 0.472576344238404 0.636435477625707 0.214563467152785 0.248821679618957 0.550697337544216 0.552817697012525 0.59965584918411 0.682780806284036
0.651727827638418 0.644556679100858 0.537897325218743 0.472576344238404 1 0.780616846298074 0.425098449082174 0.471542812552302 0.630708519399884 0.595123839580026 0.609661820659977 0.579253397436611
0.633893524906828 0.638770956308495 0.630429444088591 0.636435477625707 0.780616846298074 1 0.414981098883007 0.395986962642506 0.645696220921128 0.649706538801459 0.547434380788218 0.59179228761519
0.475080160502413 0.394545524641129 0.374609303214707 0.214563467152785 0.425098449082174 0.414981098883007 1 0.739040505908737 0.60234218795757 0.415531566087887 0.549035592684033 0.505103104407703
0.451098908296445 0.364236862831134 0.408372430337821 0.248821679618957 0.471542812552302 0.395986962642506 0.739040505908737 1 0.629238372024845 0.431915960247783 0.612508508680652 0.487456401446096
0.800278301779785 0.707242795240952 0.752711962784402 0.550697337544216 0.630708519399884 0.645696220921128 0.60234218795757 0.629238372024845 1 0.673578471700201 0.8948943929405 0.798473477492665
0.635336821817922 0.682671778718538 0.55874252778803 0.552817697012525 0.595123839580026 0.649706538801459 0.415531566087887 0.431915960247783 0.673578471700201 1 0.542804243616172 0.712553208007285
0.76041422459283 0.673273695778691 0.802445846534568 0.59965584918411 0.609661820659977 0.547434380788218 0.549035592684033 0.612508508680652 0.8948943929405 0.542804243616172 1 0.844739598570532
0.748966711846505 0.751402711131793 0.757936282554336 0.682780806284036 0.579253397436611 0.59179228761519 0.505103104407703 0.487456401446097 0.798473477492665 0.712553208007285 0.844739598570532 1
