1 0.509981381943815 0.156133649945973 -0.0462848450499662 0.354681844093576 0.19639055940364 0.0627772107760988 0.0757984093963907 0.384868913734171 0.124999893615884 0.0896544306191842 -0.196678166385007
0.509981381943815 1 0.300617624304403 0.306602547764767 0.0963603442712668 0.355477060243859 0.180416764020427 0.039949849321638 0.341263562925021 0.479739487826613 0.193177513229032 0.219238726432713
0.156133649945973 0.300617624304403 1 0.863918731563454 0.15758954119651 0.431771383655348 0.121684166797862 0.0972932844030782 0.626901393643605 0.448111337332673 0.733040338381642 0.617844099861223
-0.0462848450499662 0.306602547764767 0.863918731563454 1 0.00103489950814513 0.404079009297058 0.0706262517737732 0.0558014300802973 0.40958107231534 0.481249797388161 0.568901298562113 0.690410401101511
0.354681844093576 0.0963603442712668 0.15758954119651 0.00103489950814513 1 0.329068264490732 0.073373133787541 0.0216231750625296 0.0987838818550688 0.0529194589351822 0.20690823392871 0.121332301228534
0.19639055940364 0.355477060243859 0.431771383655348 0.404079009297058 0.329068264490732 1 0.0336223475525665 -0.184544088404454 0.357214065661193 0.420267973825962 0.337656913098785 0.371965473085863
0.0627772107760988 0.180416764020427 0.121684166797862 0.0706262517737732 0.073373133787541 0.0336223475525665 1 0.241215446908571 0.127423016451436 0.0332301811175472 0.290071126537544 0.141854462080358
0.0757984093963907 0.039949849321638 0.0972932844030782 0.0558014300802973 0.0216231750625296 -0.184544088404454 0.241215446908571 1 0.0711673699635378 0.142719669362778 0.0929250491925657 0.193198726768324
0.384868913734171 0.341263562925021 0.626901393643605 0.40958107231534 0.0987838818550688 0.357214065661193 0.127423016451436 0.0711673699635378 1 0.515948512121911 0.669833276103501 0.345708252408495
0.124999893615884 0.479739487826613 0.448111337332673 0.481249797388161 0.0529194589351822 0.420267973825962 0.0332301811175472 0.142719669362778 0.515948512121911 1 0.395349563409231 0.60954618685651
0.0896544306191842 0.193177513229032 0.733040338381642 0.568901298562113 0.20690823392871 0.337656913098785 0.290071126537544 0.0929250491925657 0.669833276103501 0.395349563409231 1 0.659222326578737
-0.196678166385007 0.219238726432713 0.617844099861223 0.690410401101511 0.121332301228534 0.371965473085863 0.141854462080358 0.193198726768324 0.345708252408495 0.60954618685651 0.659222326578737 1
