1 0.630134881954362 0.28735514010664 0.191662190043299 0.543027029945037 0.120894829005239 0.128659841593295 0.040386792107648 0.19647430450617 0 0.363209505173485 0
0.630134881954362 1 0.319137083639853 0.46560399828399 0.303304850545293 0.293544431617349 0 0.0742410256544641 0 0.180950042275144 0.163883094407872 0.291812321420491
0.28735514010664 0.319137083639853 1 0.815533731114797 0.303725896949868 0.059347744683553 0.256000733661965 0.334280437396415 0.395410853459498 0.0886908577804449 0.615753350336235 0.394548791897603
0.191662190043299 0.46560399828399 0.815533731114797 1 0.207675715981034 0.112950797190845 0.135402005780545 0.269739255754832 0.126051598897015 0.274767842160262 0.385684354548951 0.536309296396215
0.543027029945037 0.303304850545293 0.303725896949868 0.207675715981034 1 0.23854508342413 0.199253797728088 0.111051387936865 0.318175805456833 0.0555599402414408 0.70190695866588 0.211434144129947
0.120894829005239 0.293544431617349 0.059347744683553 0.112950797190845 0.23854508342413 1 0 0.0247129815335407 0.0775274430616128 0.355730197261114 0.243070637353781 0.434490236393631
0.128659841593295 0 0.256000733661965 0.135402005780545 0.199253797728088 0 1 0.365480420272296 0.128634861230567 0 0.194853448650134 0
0.040386792107648 0.0742410256544641 0.334280437396415 0.269739255754832 0.111051387936865 0.0247129815335407 0.365480420272296 1 0.244340646398478 0.143413100423674 0.213468950172535 0.22538984892869
0.19647430450617 0 0.395410853459498 0.126051598897015 0.318175805456833 0.0775274430616128 0.128634861230567 0.244340646398478 1 0.267452910892652 0.610849058739372 0.174115420055714
0 0.180950042275144 0.0886908577804449 0.274767842160262 0.0555599402414408 0.355730197261114 0 0.143413100423674 0.267452910892652 1 0.171169915392692 0.743187058730902
0.363209505173485 0.163883094407872 0.615753350336235 0.385684354548951 0.70190695866588 0.243070637353781 0.194853448650134 0.213468950172535 0.610849058739372 0.171169915392692 1 0.446975484738403
0 0.291812321420491 0.394548791897603 0.536309296396215 0.211434144129947 0.434490236393631 0 0.22538984892869 0.174115420055714 0.743187058730902 0.446975484738403 1
