1 0.942124808410891 0.704507021659164 0.590540122531692 0.490080079941965 0.183015686271777 0.397376416523462 0.543697802063169 0.7239600184474 0.377588627398595 0.315153422170362 0.283992716185886
0.942124808410891 1 0.691653269797822 0.648902885409652 0.360695630500621 0.195101022422773 0.382441932109479 0.504463348881092 0.619320547511954 0.441367681478243 0.208232842204266 0.2694858895281
0.704507021659164 0.691653269797822 1 0.932335348223855 0.562101882083191 0.179396323805764 0.315614530722491 0.637972277994118 0.784646882820967 0.561309111362449 0.565352466782559 0.600530909981972
0.590540122531692 0.648902885409652 0.932335348223855 1 0.458693126222535 0.231863714103721 0.222613598095886 0.586981415763994 0.653631794825425 0.629547554950257 0.5119089189105 0.623027114975769
0.490080079941965 0.360695630500621 0.562101882083191 0.458693126222535 1 0.258624445015982 0.243093093807121 0.475504890045618 0.67914550499371 0.363868011683469 0.51847873090186 0.482165378249104
0.183015686271777 0.195101022422773 0.179396323805764 0.231863714103721 0.258624445015982 1 0.144965074176994 0.242298586396423 0.304307007395947 0.439764857126774 0.257978639698053 0.361719739515356
0.397376416523462 0.382441932109479 0.315614530722491 0.222613598095886 0.243093093807121 0.144965074176994 1 0.517327912968546 0.357969696486122 0.125163180548777 -0.095772796958781 -0.0289519661552205
0.543697802063169 0.504463348881092 0.637972277994118 0.586981415763994 0.475504890045618 0.242298586396423 0.517327912968546 1 0.644462566642596 0.512917055291989 0.214718737249358 0.395561665558789
0.7239600184474 0.619320547511954 0.784646882820967 0.653631794825425 0.67914550499371 0.304307007395947 0.357969696486122 0.644462566642596 1 0.622465693700513 0.595032135858941 0.554560205888136
0.377588627398595 0.441367681478243 0.561309111362449 0.629547554950257 0.363868011683469 0.439764857126774 0.125163180548777 0.512917055291989 0.622465693700513 1 0.423066763582831 0.689150793336126
0.315153422170362 0.208232842204266 0.565352466782559 0.5119089189105 0.51847873090186 0.257978639698053 -0.095772796958781 0.214718737249358 0.595032135858941 0.423066763582831 1 0.827585973142486
0.283992716185886 0.2694858895281 0.600530909981972 0.623027114975769 0.482165378249104 0.361719739515356 -0.0289519661552205 0.395561665558789 0.554560205888136 0.689150793336126 0.827585973142486 1
