1 0.644217797556538 0.577288599842037 0.32265193732829 0.155545712515827 0.248716864924246 -0.00168000418703452 0.273458408050053 0.689254484893288 0.294803276463014 0.51622361259232 0.321441532585306
0.644217797556538 1 0.603000859692778 0.615706276214744 0.0628375048170322 0.403020434052154 0.0882905003926607 0.373718519019889 0.569188454611304 0.662096980193582 0.451012227700787 0.641614680288136
0.577288599842037 0.603000859692778 1 0.813289926881615 0.182791805095215 0.469750025930933 0.0928535871944949 0.384213747009962 0.73835386487911 0.690889748871717 0.677047032396919 0.703471427642879
0.32265193732829 0.615706276214744 0.813289926881615 1 0.129669140996098 0.505197381304929 0.106411787265781 0.408615619774409 0.533675556011917 0.753612264578285 0.55347921408009 0.775743846288131
0.155545712515827 0.0628375048170322 0.182791805095215 0.129669140996098 1 0.217107032411981 -0.038418550361728 0.0198308482196233 0.0403477133991402 0.071127624941924 0.29118152307563 0.107982042780897
0.248716864924246 0.403020434052154 0.469750025930933 0.505197381304929 0.217107032411981 1 0.143579521602525 0.331903041330624 0.403503074560882 0.579666700030051 0.581689556810543 0.661150448117045
-0.00168000418703452 0.0882905003926607 0.0928535871944949 0.106411787265781 -0.038418550361728 0.143579521602525 1 0.11191644786638 0.0708294564545071 0.0962237013095663 0.0613314780754763 0.144886611369447
0.273458408050053 0.373718519019889 0.384213747009962 0.408615619774409 0.0198308482196233 0.331903041330624 0.11191644786638 1 0.329571686339175 0.366972355196934 0.324202259145542 0.446121114226885
0.689254484893288 0.569188454611304 0.73835386487911 0.533675556011917 0.0403477133991402 0.403503074560882 0.0708294564545071 0.329571686339175 1 0.576602176877765 0.630756240680524 0.615067086720381
0.294803276463014 0.662096980193581 0.690889748871717 0.753612264578285 0.071127624941924 0.579666700030051 0.0962237013095663 0.366972355196934 0.576602176877765 1 0.666156413730179 0.876116793039849
0.51622361259232 0.451012227700787 0.67704703239692 0.55347921408009 0.29118152307563 0.581689556810543 0.0613314780754763 0.324202259145542 0.630756240680524 0.666156413730179 1 0.711896568437408
0.321441532585306 0.641614680288136 0.703471427642879 0.775743846288131 0.107982042780897 0.661150448117045 0.144886611369447 0.446121114226885 0.615067086720381 0.876116793039849 0.711896568437408 1
