1 0.842930618759514 0.582659269292653 0.470679338328201 0.517970484089086 0.563154998377994 0 0.166565180438772 0.605169002481786 0.343679626015021 0.457674883124876 0.570287088627549
0.842930618759514 1 0.493851807004598 0.500791953990491 0.497261523109848 0.490821528767624 0.0893940497705072 0.308586227100428 0.472968684344952 0.42549834807137 0.311969635996092 0.524761644436289
0.582659269292653 0.493851807004598 1 0.807643541874899 0.504022704119839 0.50161335098351 0 0.0770563789990526 0.508726098499603 0.322661219263076 0.658181013210147 0.591914493379179
0.470679338328201 0.500791953990491 0.807643541874899 1 0.532938115346083 0.481852680158445 0.173028209202046 0.297567976667011 0.188710286816069 0.0982053754948271 0.389907363872199 0.53623620305693
0.517970484089086 0.497261523109848 0.504022704119839 0.532938115346083 1 0.677620964283532 0.191704408376566 0.163178905547528 0.36274116463854 0.358037845368988 0.39020783494059 0.478435161106424
0.563154998377994 0.490821528767624 0.50161335098351 0.481852680158445 0.677620964283532 1 0.0286530794414934 0.1101110262495 0.457619230087153 0.478394653771949 0.429728857685492 0.40704321246672
0 0.0893940497705072 0 0.173028209202046 0.191704408376566 0.0286530794414934 1 0.558989471747646 0 0 0 0
0.166565180438772 0.308586227100428 0.0770563789990526 0.297567976667011 0.163178905547528 0.1101110262495 0.558989471747646 1 0 0 0 0
0.605169002481786 0.472968684344952 0.508726098499603 0.188710286816069 0.36274116463854 0.457619230087153 0 0 1 0.590717774343311 0.649767345032424 0.517942367958547
0.343679626015021 0.42549834807137 0.322661219263076 0.0982053754948271 0.358037845368988 0.478394653771948 0 0 0.590717774343311 1 0.343151190538072 0.276177628679008
0.457674883124876 0.311969635996092 0.658181013210147 0.389907363872199 0.39020783494059 0.429728857685492 0 0 0.649767345032424 0.343151190538072 1 0.487095082690639
0.570287088627549 0.524761644436289 0.591914493379179 0.53623620305693 0.478435161106424 0.40704321246672 0 0 0.517942367958547 0.276177628679008 0.487095082690639 1
