1 0.830475368470849 0.562026715150707 0.488959407811462 0.630417170199398 0.662691677247868 0.171944666715191 0.204382593570895 0.541202153271235 0.578745869945382 0.631280003258491 0.549128671228569
0.830475368470849 1 0.587004601174469 0.545523651553328 0.725247420942814 0.708631144910401 0.138008436318263 0.289286119824176 0.691002512834948 0.565798582851168 0.702007839196461 0.617902024362985
0.562026715150707 0.587004601174469 1 0.905809978562982 0.664267598850943 0.603110000883821 0.294758649542758 0.385075660171111 0.508592645926925 0.621158164862625 0.60933630178418 0.7172436882685
0.488959407811462 0.545523651553328 0.905809978562982 1 0.589302829171587 0.582845633549089 0.283774180476741 0.402298597616647 0.413630064428194 0.623486385241344 0.462864346297995 0.669319539724743
0.630417170199398 0.725247420942814 0.664267598850943 0.589302829171587 1 0.690603413151944 0.268651111582914 0.294001186827871 0.760711541100158 0.572415126860703 0.860892617212207 0.726032206703653
0.662691677247868 0.708631144910401 0.603110000883821 0.582845633549089 0.690603413151944 1 0.247621388904256 0.293906313260173 0.707356850854507 0.767007382701578 0.698597320182669 0.779758818384149
0.171944666715191 0.138008436318263 0.294758649542758 0.283774180476741 0.268651111582914 0.247621388904256 1 0.393706024953363 0.133347628183376 0.207481467105024 0.198001098032423 0.210083833904048
0.204382593570895 0.289286119824176 0.385075660171111 0.402298597616647 0.294001186827871 0.293906313260173 0.393706024953363 1 0.260417508519574 0.0694525504607101 0.212833859176044 0.324247056631093
0.541202153271235 0.691002512834948 0.508592645926925 0.413630064428194 0.760711541100158 0.707356850854507 0.133347628183376 0.260417508519574 1 0.621571701749493 0.8563030978334 0.716072287280883
0.578745869945382 0.565798582851168 0.621158164862625 0.623486385241344 0.572415126860703 0.767007382701578 0.207481467105024 0.0694525504607101 0.621571701749492 1 0.582482876455754 0.793279861190291
0.631280003258491 0.702007839196461 0.60933630178418 0.462864346297995 0.860892617212207 0.698597320182669 0.198001098032423 0.212833859176044 0.8563030978334 0.582482876455754 1 0.766712916571911
0.549128671228569 0.617902024362985 0.7172436882685 0.669319539724743 0.726032206703653 0.779758818384149 0.210083833904048 0.324247056631093 0.716072287280883 0.793279861190291 0.766712916571911 1
