1 0.538195862245436 0.70721841597842 0.604737484648461 0.439613014739713 0.0640235262832206 0.20005387909922 0.12458230508299 0.4996095201191 0 0.487052116974573 0.435872385323946
0.538195862245436 1 0.498719736170709 0.560093291350641 0.180024347530482 0.1070531959078 0.0346875730537968 0 0.270690823684406 0.145632530644523 0.41216363520717 0.383311275274978
0.70721841597842 0.498719736170709 1 0.8716295029197 0.503066106952228 0.0851922501516022 0.0565057379421332 0.113214357995079 0.558246540460229 0.124525107566905 0.706771797412376 0.536759841188011
0.604737484648461 0.560093291350641 0.8716295029197 1 0.447954229459029 0.124147063017743 0.0287758369676558 0.159390803635451 0.466543807442496 0.198450745772928 0.627598226853011 0.619771117127691
0.439613014739714 0.180024347530482 0.503066106952228 0.447954229459029 1 0 0.163543809433596 0.0013409732508105 0.475590160089689 0 0.483009553524559 0.575603520261873
0.0640235262832206 0.1070531959078 0.0851922501516022 0.124147063017743 0 1 0.251727909695461 0.163571344612463 0.174328945504592 0.40470197774126 0.220922370244046 0.261049601310839
0.20005387909922 0.0346875730537968 0.0565057379421332 0.0287758369676558 0.163543809433596 0.251727909695461 1 0.18545272633492 0.00633645402592303 0 0 0.184247098933179
0.12458230508299 0 0.113214357995079 0.159390803635451 0.0013409732508105 0.163571344612463 0.18545272633492 1 0 0 0.00186366055019653 0
0.4996095201191 0.270690823684406 0.558246540460229 0.466543807442496 0.475590160089689 0.174328945504592 0.00633645402592303 0 1 0.24927554586262 0.542362645535593 0.395750576792993
0 0.145632530644523 0.124525107566905 0.198450745772928 0 0.40470197774126 0 0 0.24927554586262 1 0.218464158785619 0.134292595890803
0.487052116974573 0.41216363520717 0.706771797412376 0.627598226853011 0.483009553524559 0.220922370244046 0 0.00186366055019653 0.542362645535593 0.218464158785619 1 0.666207405786895
0.435872385323946 0.383311275274978 0.536759841188011 0.619771117127691 0.575603520261873 0.261049601310839 0.184247098933179 0 0.395750576792992 0.134292595890803 0.666207405786895 1
