0 0 0 0.0636346151294494 0 0 0.0117068298909697 0 0 0 0.0704717300781076 0
0 0 0 0 0 0 0 0.027188847280539 0 0 0.000739703767405912 0
0 0 0 0 0 0 0 0 0 0 0 0
0.0636346151294494 0 0 0 0 0 0 0 0 0 0 0
0 0 0 0 0 0 0.00272212703540395 0.0348365538533725 0 0 0 0.0178859026622237
0 0 0 0 0 0 0.00019418947111485 0 0 0 0.0776550855596997 0.0688237364553866
0.0117068298909697 0 0 0 0.00272212703540395 0.00019418947111485 0 0 0 0 0 0.109126746061952
0 0.027188847280539 0 0 0.0348365538533725 0 0 0 0.0765031459533681 0.00287106564139726 0.189459287999284 0.19592296124491
0 0 0 0 0 0 0 0.0765031459533681 0 0 0 0
0 0 0 0 0 0 0 0.00287106564139726 0 0 0.0374056012444233 0
0.0704717300781076 0.000739703767405912 0 0 0 0.0776550855596997 0 0.189459287999284 0 0.0374056012444233 0 0
0 0 0 0 0.0178859026622237 0.0688237364553866 0.109126746061952 0.19592296124491 0 0 0 0
