1 0.513049458769778 0.178644329129803 -0.150163302431781 0.349914966216479 0.140710098081707 0.374458633300717 0.129615448803689 0.200868233931574 -0.18129394602505 0.345427593410808 -0.368328944966663
0.513049458769778 1 0.100196868938595 0.0167077854949907 -0.12806943794718 0.0129540160372889 0.315593332850661 0.0673101493362543 -0.139525020716515 -0.0779362605370657 -0.124490900567022 -0.284128536480004
0.178644329129803 0.100196868938595 1 0.809518889879739 0.0633447547538718 0.157339294950264 0.335175148152709 0.132308243456147 0.255363310170479 0.0428127312572166 0.427855565514192 0.112445276213355
-0.150163302431781 0.0167077854949907 0.809518889879739 1 -0.149515501418423 0.244449143991891 0.176895908397041 0.125168855855356 0.0257803232768964 0.062791029334656 0.186639053177328 0.313692954198925
0.349914966216479 -0.12806943794718 0.0633447547538718 -0.149515501418423 1 0.458470397325848 0.0284196589688879 0.223551757421343 0.627736145607893 0.32848634499477 0.711443343868965 0.125092263252658
0.140710098081707 0.0129540160372889 0.157339294950264 0.244449143991891 0.458470397325848 1 -0.0267304835846997 0.196567109915384 0.362727766010077 0.303021029515554 0.466161996495181 0.335003742369206
0.374458633300717 0.315593332850661 0.335175148152709 0.176895908397041 0.0284196589688879 -0.0267304835846997 1 0.46455848384405 0.0442566005520426 -0.372156764974258 0.148410358171796 -0.262839195112611
0.129615448803689 0.0673101493362543 0.132308243456147 0.125168855855356 0.223551757421343 0.196567109915384 0.46455848384405 1 0.238105769491743 0.0323015257938702 0.22411262675089 0.20057797642306
0.200868233931574 -0.139525020716515 0.255363310170479 0.0257803232768964 0.627736145607893 0.362727766010077 0.0442566005520426 0.238105769491743 1 0.536230430634022 0.714580972945072 0.169467288769656
-0.18129394602505 -0.0779362605370657 0.0428127312572166 0.062791029334656 0.32848634499477 0.303021029515554 -0.372156764974258 0.0323015257938702 0.536230430634022 1 0.36874273182284 0.579951501833379
0.345427593410808 -0.124490900567022 0.427855565514192 0.186639053177328 0.711443343868965 0.466161996495181 0.148410358171796 0.22411262675089 0.714580972945072 0.36874273182284 1 0.368050594457197
-0.368328944966663 -0.284128536480004 0.112445276213355 0.313692954198925 0.125092263252658 0.335003742369206 -0.262839195112611 0.20057797642306 0.169467288769656 0.579951501833379 0.368050594457197 1
