0 0 0 0 0 0.219586575088496 0.113869474666354 0 0 0.278744130035003 0 0.216811493697274
0 0 0 0 0.150656510172969 0.0694504429012388 0.182062047623289 0 0 0 0.133718669177735 0.166850656116296
0 0 0 0 0 0 0 0 0 0 0 0
0 0 0 0 0 0 0 0 0 0 0 0
0 0.150656510172969 0 0 0 0 0 0 0 0.123972425490351 0 0
0.219586575088496 0.0694504429012388 0 0 0 0 0 0 0.0762830930867623 0 0 0
0.113869474666354 0.182062047623289 0 0 0 0 0 0 0.160680754705979 0.0529561352507195 0.128047879080198 0.113583322130779
0 0 0 0 0 0 0 0 0.0105753552278344 0 0 0
0 0 0 0 0 0.0762830930867623 0.160680754705979 0.0105753552278344 0 0 0 0
0.278744130035003 0 0 0 0.123972425490351 0 0.0529561352507195 0 0 0 0.0355617344990954 0
0 0.133718669177735 0 0 0 0 0.128047879080198 0 0 0.0355617344990954 0 0
0.216811493697274 0.166850656116296 0 0 0 0 0.113583322130779 0 0 0 0 0
