1 0.672738272269052 0.23845272353074 0.309325313497502 0.4012736421748 0.427894753446226 -0.10097787736476 0.203810078934576 -0.138980344869396 0.400684797312347 0.270910718254471 0.490549593917689
0.672738272269052 1 0.368859735731146 0.518117661866013 0.27312391957406 0.469866037751091 0.0166025503577304 0.358175877415885 0.113782033688006 0.603127809644683 0.164755585911646 0.502887622329452
0.23845272353074 0.368859735731146 1 0.918184420342027 0.0732579945966323 0.220456028664899 0.284853615215356 0.374839248038457 0.43872525324212 0.426681386711832 0.30050523804117 0.431402232418423
0.309325313497502 0.518117661866013 0.918184420342027 1 0.161643263041886 0.398301188176123 0.287246162451133 0.443350051557802 0.352018117062803 0.539281708810046 0.269395594166591 0.547580343080823
0.4012736421748 0.27312391957406 0.0732579945966323 0.161643263041886 1 0.663085042411641 0.0768189250120405 0.255622211918808 0.18087213875286 0.3682793509636 0.579393926579209 0.56720091179765
0.427894753446226 0.469866037751091 0.220456028664899 0.398301188176123 0.663085042411642 1 0.0184191096027981 0.298719927326966 0.20791083073161 0.560784910829203 0.550449261829759 0.764482892863223
-0.10097787736476 0.0166025503577304 0.284853615215356 0.287246162451133 0.0768189250120405 0.0184191096027981 1 0.340727080594048 0.317482929200379 0.153859652028283 0.109785596364197 0.182532117057455
0.203810078934576 0.358175877415885 0.374839248038457 0.443350051557802 0.255622211918808 0.298719927326966 0.340727080594048 1 0.232308444930123 0.328340983551276 0.0740995579553641 0.2406589443324
-0.138980344869396 0.113782033688006 0.43872525324212 0.352018117062803 0.18087213875286 0.20791083073161 0.317482929200379 0.232308444930123 1 0.476249691822114 0.518346931808882 0.292098827473271
0.400684797312347 0.603127809644683 0.426681386711832 0.539281708810046 0.3682793509636 0.560784910829203 0.153859652028283 0.328340983551276 0.476249691822114 1 0.463034415567492 0.740066089904175
0.270910718254471 0.164755585911646 0.30050523804117 0.269395594166591 0.579393926579209 0.550449261829759 0.109785596364197 0.0740995579553641 0.518346931808882 0.463034415567492 1 0.673635798798837
0.490549593917689 0.502887622329452 0.431402232418423 0.547580343080823 0.56720091179765 0.764482892863223 0.182532117057455 0.2406589443324 0.292098827473271 0.740066089904175 0.673635798798837 1
