1 0.858558509259303 0.386335115571688 0.132186991537237 0.315816087234422 0.259537066160412 0.0112857205991699 0.0325961849930659 0.197517616382577 0.0517648987439013 0.296117575742424 0.170532606726562
0.858558509259303 1 0.325784904668759 0.143967085283526 0.374517410674904 0.250709878368094 0 0.111619505496252 0.084816274299295 0.176629929835733 0.184501281471882 0.217953080676051
0.386335115571688 0.325784904668759 1 0.752753676913833 0.280454503237306 0.245991922922054 0.329182935714306 0.311309496902082 0.532811838319012 0.138527618798038 0.742765596203594 0.471113614854277
0.132186991537237 0.143967085283526 0.752753676913833 1 0.0777730672236858 0.222299532361083 0.310701987056271 0.298579933410496 0.27321203657944 0.150925235394098 0.596194785897538 0.524011492877356
0.315816087234422 0.374517410674904 0.280454503237306 0.0777730672236858 1 0.0415441058086532 0 0.201830534605096 0.350398465489414 0.330458809269657 0.220550534949143 0.228007750277426
0.259537066160412 0.250709878368094 0.245991922922054 0.222299532361083 0.0415441058086532 1 0 0.0668351405365665 0.0232306655033279 0.103302521846719 0.0519695383427684 0.147736425236207
0.0112857205991699 0 0.329182935714306 0.310701987056271 0 0 1 0.183559021838763 0.187296095607797 0 0.375676623076771 0.0903993758074822
0.0325961849930659 0.111619505496252 0.311309496902082 0.298579933410496 0.201830534605096 0.0668351405365665 0.183559021838763 1 0.203466204686307 0 0.202353009376042 0.0915466506340998
0.197517616382577 0.084816274299295 0.532811838319012 0.27321203657944 0.350398465489414 0.0232306655033279 0.187296095607797 0.203466204686307 1 0.320512490451444 0.596398336819297 0.174092251047344
0.0517648987439013 0.176629929835733 0.138527618798038 0.150925235394098 0.330458809269657 0.103302521846719 0 0 0.320512490451444 1 0.100974821149178 0.301082308721967
0.296117575742424 0.184501281471882 0.742765596203594 0.596194785897538 0.220550534949143 0.0519695383427684 0.375676623076771 0.202353009376042 0.596398336819297 0.100974821149178 1 0.567271295511769
0.170532606726562 0.217953080676051 0.471113614854277 0.524011492877356 0.228007750277426 0.147736425236207 0.0903993758074822 0.0915466506340998 0.174092251047344 0.301082308721967 0.567271295511769 1
