1 0.833216571519154 0.7615143725577 0.438958385798091 0.26060714581315 0.469038841008926 -0.086579684114696 0.253473430805833 0.749071250382483 0.621566940329309 0.776414418525826 0.653028626917932
0.833216571519154 1 0.586882290846939 0.467175242145671 0.268027355007546 0.485131033086886 0.0105454704127989 0.236791085514951 0.554728644850787 0.716430287341906 0.629523067767521 0.731039381372784
0.7615143725577 0.586882290846939 1 0.745858039182243 0.403934144172908 0.478021144582305 -0.0286593106117816 0.203705553596249 0.691505275280055 0.555526104301759 0.774403759247544 0.688031876283521
0.438958385798091 0.467175242145671 0.745858039182243 1 0.437009773015581 0.391958152933051 -0.075931388734218 0.0449838544058528 0.244133200464915 0.352508295162447 0.49728821551836 0.555734274205583
0.26060714581315 0.268027355007546 0.403934144172908 0.437009773015581 1 0.471258092518954 -0.079157774702196 0.22359387332002 0.285989349612239 0.103880837969446 0.378915671683524 0.298293616418969
0.469038841008926 0.485131033086886 0.478021144582305 0.391958152933051 0.471258092518954 1 0.030712691294588 0.159095135951764 0.494070633487299 0.465383123683566 0.484949822344024 0.63248064381439
-0.086579684114696 0.0105454704127989 -0.0286593106117816 -0.075931388734218 -0.079157774702196 0.030712691294588 1 0.496486620085397 0.0683362755481149 0.197536836303378 -0.0465714157580284 0.0462037013043666
0.253473430805833 0.236791085514951 0.203705553596249 0.0449838544058528 0.22359387332002 0.159095135951764 0.496486620085397 1 0.24983267720375 0.208282905930628 0.23158385920014 0.229416075951354
0.749071250382482 0.554728644850787 0.691505275280055 0.244133200464915 0.285989349612239 0.494070633487299 0.0683362755481149 0.24983267720375 1 0.586848069724124 0.789574986566508 0.595406915745972
0.621566940329309 0.716430287341906 0.555526104301759 0.352508295162447 0.103880837969446 0.465383123683566 0.197536836303378 0.208282905930628 0.586848069724124 1 0.589762565584101 0.739321875963491
0.776414418525825 0.62952306776752 0.774403759247544 0.49728821551836 0.378915671683524 0.484949822344024 -0.0465714157580284 0.23158385920014 0.789574986566508 0.589762565584101 1 0.706296445281691
0.653028626917932 0.731039381372784 0.688031876283521 0.555734274205583 0.298293616418969 0.63248064381439 0.0462037013043666 0.229416075951354 0.595406915745972 0.739321875963491 0.706296445281691 1
