1 0.910285380677978 0.3292172271666 0.361223345418592 0.332345765679006 0.426975463339844 0.0582051663281182 0.229921621690203 0.236278689909023 0.17440101247945 0.313026396665203 0.329334476370783
0.910285380677978 1 0.195960163438929 0.313647017533036 0.225941749135288 0.507068941388426 0.0100992754707136 0.194259676194644 0.11439438934488 0.223664064180222 0.166072781459909 0.219779902381682
0.3292172271666 0.195960163438929 1 0.864225523775855 0.506497194107452 0.362472178068027 0.200404916736336 0.190941038474291 0.460111665293173 0.247661457548256 0.575799849609687 0.584523950998533
0.361223345418592 0.313647017533036 0.864225523775855 1 0.306309521943946 0.506312295117932 0.204342422997569 0.191318430712594 0.272727795812352 0.207215837265269 0.359640488801859 0.461509200409155
0.332345765679006 0.225941749135288 0.506497194107452 0.306309521943946 1 0.221072956304768 0.151204820391077 0.18277169015738 0.411225131506146 0.257286955651354 0.649033676707194 0.468123673904455
0.426975463339844 0.507068941388426 0.362472178068027 0.506312295117932 0.221072956304768 1 0.0314005583461582 0.323941985759279 0.13176558551023 0.25353314528389 0.254031476545273 0.263010097778116
0.0582051663281182 0.0100992754707136 0.200404916736336 0.204342422997569 0.151204820391077 0.0314005583461582 1 0.367183255261959 0.152157330463332 0.154146382824148 0.205620515737426 0.167124070868361
0.229921621690203 0.194259676194644 0.190941038474291 0.191318430712594 0.18277169015738 0.323941985759279 0.367183255261959 1 0.193979860689463 0.180041856864718 0.256204252025142 0.182256374833747
0.236278689909023 0.11439438934488 0.460111665293173 0.272727795812352 0.411225131506146 0.13176558551023 0.152157330463332 0.193979860689463 1 0.452606231842412 0.627611640190561 0.328479359342857
0.17440101247945 0.223664064180222 0.247661457548256 0.207215837265269 0.257286955651354 0.25353314528389 0.154146382824148 0.180041856864718 0.452606231842412 1 0.375568144674592 0.332945657498702
0.313026396665203 0.166072781459909 0.575799849609687 0.359640488801859 0.649033676707194 0.254031476545273 0.205620515737426 0.256204252025142 0.627611640190561 0.375568144674592 1 0.704934817769959
0.329334476370783 0.219779902381682 0.584523950998533 0.461509200409155 0.468123673904455 0.263010097778116 0.167124070868361 0.182256374833747 0.328479359342857 0.332945657498702 0.704934817769959 1
