1 0.835389440287631 0.711198898872485 0.406088212833438 0.379662807999467 0.47881834998985 0 0.29827167985011 0.544512247457006 0.0733403862401153 0.513718205780117 0.414877859412643
0.835389440287631 1 0.698847355610122 0.419587155374306 0.407675467143682 0.485154682586199 0 0.333151777926057 0.606407537479534 0.316866431401846 0.459636032529736 0.47870417951179
0.711198898872485 0.698847355610122 1 0.745797680292438 0.251327559005521 0.428719772484151 0 0.352640167178742 0.53492594490575 0.139992556520038 0.465589395720242 0.477478488628396
0.406088212833438 0.419587155374306 0.745797680292438 1 0.162365607259327 0.377609461173848 0 0.258317463758416 0.346459394809836 0.332650968044361 0.325875078855536 0.535270239170942
0.379662807999467 0.407675467143682 0.251327559005521 0.162365607259327 1 0.634766684018422 0.178707506458355 0.125312071502278 0.285942741185771 0.137095502066356 0.535253223052774 0.38047508009439
0.47881834998985 0.485154682586199 0.428719772484151 0.377609461173848 0.634766684018422 1 0.0647803141653774 0.256922811780406 0.296941217834372 0.192314762655434 0.494408325895274 0.437730512433115
0 0 0 0 0.178707506458355 0.0647803141653774 1 0.239949204375746 0 0 0 0
0.29827167985011 0.333151777926057 0.352640167178742 0.258317463758415 0.125312071502278 0.256922811780406 0.239949204375746 1 0.0541913202311047 0.131998487651874 0.0763655588195536 0.141370216367088
0.544512247457006 0.606407537479534 0.53492594490575 0.346459394809836 0.285942741185771 0.296941217834372 0 0.0541913202311047 1 0.353638471114282 0.563903275749147 0.573278109300742
0.0733403862401153 0.316866431401846 0.139992556520038 0.332650968044361 0.137095502066356 0.192314762655434 0 0.131998487651874 0.353638471114282 1 0.280921926256514 0.600612881636152
0.513718205780117 0.459636032529736 0.465589395720242 0.325875078855536 0.535253223052774 0.494408325895274 0 0.0763655588195536 0.563903275749147 0.280921926256514 1 0.708269264600573
0.414877859412643 0.47870417951179 0.477478488628396 0.535270239170942 0.38047508009439 0.437730512433115 0 0.141370216367088 0.573278109300742 0.600612881636153 0.708269264600573 1
