1 0.613512269034834 0.29422597662427 0 0.181292171575914 0.0170930782609568 0 0.123360812965842 0.518957978375969 0 0.202987244678622 0
0.613512269034834 1 0.404086953083343 0.287578673598686 0.200109500502451 0.238578915182865 0.111957952869244 0.384505722613234 0.507434515056814 0.398248132018556 0.333164965350465 0.364724142586093
0.29422597662427 0.404086953083343 1 0.81708275923803 0.291545949944267 0.419504131709874 0.101653794162529 0.407267266410474 0.491752183002117 0.495939739350185 0.534788646739839 0.545302736627044
0 0.287578673598686 0.81708275923803 1 0.165375827679798 0.3467606001633 0.249287742604023 0.472869115412591 0.30105403729809 0.619999191980526 0.348869282849703 0.588793713285905
0.181292171575914 0.200109500502451 0.291545949944267 0.165375827679798 1 0.565235908723824 0.314022906071238 0.254045597421562 0.458573283189481 0.0990766986578693 0.565941706092194 0.408974931553546
0.0170930782609568 0.238578915182865 0.419504131709874 0.3467606001633 0.565235908723824 1 0.183007056804577 0.403689097735533 0.32706514646064 0.289332077579593 0.689536293076104 0.753573287681735
0 0.111957952869244 0.101653794162529 0.249287742604023 0.314022906071238 0.183007056804577 1 0.398245589393944 0.0381506345322059 0.20615163944901 0.138410165605519 0.199772561681833
0.123360812965842 0.384505722613234 0.407267266410474 0.472869115412591 0.254045597421562 0.403689097735533 0.398245589393944 1 0.206381150870377 0.346373743833892 0.341648363559202 0.436114523332002
0.518957978375969 0.507434515056814 0.491752183002117 0.30105403729809 0.458573283189481 0.32706514646064 0.0381506345322059 0.206381150870377 1 0.444213972541072 0.628991335244574 0.37796282518399
0 0.398248132018556 0.495939739350185 0.619999191980526 0.0990766986578693 0.289332077579593 0.20615163944901 0.346373743833892 0.444213972541072 1 0.358074006112995 0.543246595119406
0.202987244678622 0.333164965350465 0.534788646739839 0.348869282849703 0.565941706092194 0.689536293076104 0.138410165605519 0.341648363559202 0.628991335244575 0.358074006112995 1 0.730927213031433
0 0.364724142586093 0.545302736627044 0.588793713285905 0.408974931553546 0.753573287681735 0.199772561681833 0.436114523332002 0.37796282518399 0.543246595119406 0.730927213031433 1
