1 0.812000889866002 0.759050825300947 0.69257064949609 0.76392449258283 0.711645120254649 0.459784237334147 0.510309337395155 0.565017035953756 0.188444364913985 0.707175951722376 0.762419256161473
0.812000889866002 1 0.584443389600646 0.649177713830901 0.574426322066619 0.717885799225272 0.394445072137131 0.445355158015665 0.248608430907893 0.383294528503126 0.449797399253422 0.701139487617497
0.759050825300947 0.584443389600646 1 0.900214221291065 0.814850278907785 0.759204917503749 0.487778799849109 0.53780552681583 0.653515178418742 0.126793444830933 0.831080689393346 0.793399699993995
0.69257064949609 0.649177713830901 0.900214221291065 1 0.707585944033771 0.787795148210632 0.510816170955102 0.535851290399945 0.466879446640785 0.267268362912783 0.672265821690559 0.789919403558235
0.76392449258283 0.574426322066618 0.814850278907785 0.707585944033771 1 0.699294117887996 0.556152677067067 0.513042718811217 0.61039281454213 0.0892686927423817 0.716236519176916 0.709156761441771
0.711645120254649 0.717885799225272 0.759204917503749 0.787795148210632 0.699294117887996 1 0.420160913654197 0.42303931665752 0.452794543496245 0.194409922073075 0.665174540810965 0.824511065195172
0.459784237334147 0.394445072137131 0.487778799849109 0.510816170955102 0.556152677067067 0.420160913654197 1 0.520054796377148 0.413544029913649 0 0.373989246938343 0.445755337167816
0.510309337395155 0.445355158015665 0.53780552681583 0.535851290399945 0.513042718811217 0.42303931665752 0.520054796377148 1 0.510571281124719 0.120219014924077 0.403611793808372 0.589508444939635
0.565017035953756 0.248608430907893 0.653515178418742 0.466879446640785 0.61039281454213 0.452794543496245 0.413544029913649 0.510571281124719 1 0.155601538365636 0.714520322188263 0.633540272019306
0.188444364913985 0.383294528503126 0.126793444830933 0.267268362912783 0.0892686927423817 0.194409922073075 0 0.120219014924077 0.155601538365636 1 0.0512014324914862 0.351277320406827
0.707175951722376 0.449797399253422 0.831080689393346 0.672265821690559 0.716236519176916 0.665174540810965 0.373989246938343 0.403611793808372 0.714520322188263 0.0512014324914862 1 0.786152309048177
0.762419256161472 0.701139487617497 0.793399699993995 0.789919403558235 0.709156761441771 0.824511065195172 0.445755337167816 0.589508444939635 0.633540272019306 0.351277320406827 0.786152309048177 1
