1 0.638806271027619 0.417381825497585 0.332089452905452 0.193867079648846 0.0653073597498779 0.141411443346915 0 0.20488312666557 0.348932085233904 0.241250934315915 0.211752255426787
0.638806271027619 1 0.532562606093458 0.475925971272665 0.215026335793876 0.138338579435454 0.109830247503071 0 0.332706697085541 0.543324792508058 0.285732392126709 0.452244815108766
0.417381825497585 0.532562606093458 1 0.812172033748773 0.264237384948991 0.0817632190783267 0.20134297960375 0 0.595501400220501 0.439041119619005 0.525668392783807 0.294619720866983
0.332089452905452 0.475925971272665 0.812172033748773 1 0.302601158409402 0.101477143922827 0.202552608086643 0 0.391550412568257 0.416197784834513 0.312156486958562 0.357949244972739
0.193867079648846 0.215026335793876 0.264237384948991 0.302601158409402 1 0.350256797271039 0.0143490156756216 0 0.281932117383968 0.216154121458693 0.195522374644555 0.0952020960386468
0.0653073597498779 0.138338579435454 0.0817632190783267 0.101477143922827 0.350256797271039 1 0 0 0.133293001432394 0.32855755587358 0.200230169630178 0.283408622078318
0.141411443346915 0.109830247503071 0.20134297960375 0.202552608086643 0.0143490156756216 0 1 0.0973487837857127 0.114981291898366 0.114997045659584 0 0
0 0 0 0 0 0 0.0973487837857127 1 0 0 0 0
0.20488312666557 0.332706697085541 0.595501400220501 0.391550412568257 0.281932117383968 0.133293001432394 0.114981291898366 0 1 0.545458322214326 0.403538059195345 0.268996947720477
0.348932085233904 0.543324792508058 0.439041119619005 0.416197784834513 0.216154121458692 0.32855755587358 0.114997045659584 0 0.545458322214326 1 0.302243603479106 0.672798613877665
0.241250934315915 0.285732392126709 0.525668392783807 0.312156486958562 0.195522374644555 0.200230169630178 0 0 0.403538059195345 0.302243603479106 1 0.461461832249258
0.211752255426787 0.452244815108766 0.294619720866983 0.357949244972739 0.0952020960386468 0.283408622078318 0 0 0.268996947720477 0.672798613877665 0.461461832249258 1
