1 0.522578416578421 0.567252661499449 0.137618930483611 0.436606529286085 0.257635139486508 0.0529508878693128 -0.117557921898229 0.63461036255415 -0.299235800577794 0.488621386740378 0.182318552109662
0.522578416578421 1 0.208872629351185 -0.0528896029054142 0.227501680446212 0.319546760440603 0.0145667842196117 -0.148422001887745 0.425893097265982 0.174949335569153 0.202929701606397 0.175495947819042
0.567252661499449 0.208872629351185 1 0.73372914486338 0.454448597851469 0.333954350399485 0.170720251222589 0.0783045067918464 0.485542062845644 -0.270519177381966 0.591974249020903 0.321898394915732
0.137618930483611 -0.0528896029054142 0.73372914486338 1 0.217418710977997 0.268539421251272 0.141083956106782 0.168985561606247 0.0736692666517436 -0.147748369934133 0.259008076175677 0.258575414566392
0.436606529286084 0.227501680446212 0.454448597851469 0.217418710977997 1 0.537945701323986 0.309397118842691 0.0378978633088535 0.631351375355323 -0.0724233985999186 0.721633546920402 0.458145911455745
0.257635139486508 0.319546760440603 0.333954350399485 0.268539421251272 0.537945701323986 1 0.185980863970939 0.0682824054988985 0.415221455057341 0.118928722140394 0.493549746563408 0.372595363221233
0.0529508878693128 0.0145667842196117 0.170720251222589 0.141083956106782 0.309397118842691 0.185980863970939 1 0.266858355025975 0.221067554558836 0.0136922317723155 0.317592221366399 0.245519654395559
-0.117557921898229 -0.148422001887745 0.0783045067918464 0.168985561606247 0.0378978633088535 0.0682824054988985 0.266858355025975 1 -0.160057012295003 -0.0702039387679885 0.0774574963957765 0.169765557117757
0.63461036255415 0.425893097265982 0.485542062845644 0.0736692666517436 0.631351375355323 0.415221455057341 0.221067554558836 -0.160057012295003 1 0.102122459254292 0.794202133916313 0.453789875881756
-0.299235800577794 0.174949335569153 -0.270519177381966 -0.147748369934133 -0.0724233985999186 0.118928722140394 0.0136922317723155 -0.0702039387679885 0.102122459254292 1 -0.03499414184666 0.143940045371261
0.488621386740378 0.202929701606397 0.591974249020903 0.259008076175677 0.721633546920402 0.493549746563408 0.317592221366399 0.0774574963957765 0.794202133916313 -0.03499414184666 1 0.58970236025746
0.182318552109662 0.175495947819042 0.321898394915732 0.258575414566392 0.458145911455745 0.372595363221233 0.245519654395559 0.169765557117757 0.453789875881756 0.143940045371261 0.58970236025746 1
