1 0.677717360612825 0.486126446783567 0.423374793261694 0 0.144769875825874 0.312361842961078 0.333014969457144 0.35627376770875 0.344937087912472 0.242024302443806 0.159684975215479
0.677717360612825 1 0.439774237091048 0.643761833445893 0 0.470029643395111 0.300605632755071 0.343969712034148 0.272489209264167 0.72132450316525 0.195146422485628 0.584923833265947
0.486126446783567 0.439774237091048 1 0.852369182248941 0.00150167666641242 0.443437180808462 0.373885635353394 0.503032832945532 0.296768358140353 0.365181534800865 0.495936921755914 0.383660955030864
0.423374793261694 0.643761833445893 0.852369182248941 1 0 0.571957708841719 0.3647375785933 0.480759970037265 0.203461894207165 0.638981031729143 0.373004720118179 0.628549436352522
0 0 0.00150167666641242 0 1 0.192610950805906 0 0.0429457939646904 0 0 0.175712782544761 0
0.144769875825874 0.470029643395111 0.443437180808462 0.571957708841719 0.192610950805906 1 0.26953788265721 0.511496916660533 0.324073659047024 0.683758574754097 0.492038760085159 0.694654169442201
0.312361842961078 0.300605632755071 0.373885635353394 0.3647375785933 0 0.26953788265721 1 0.586219824212998 0.135127163817829 0.249159763578378 0.144560055737599 0.135401087787381
0.333014969457144 0.343969712034148 0.503032832945532 0.480759970037265 0.0429457939646904 0.511496916660533 0.586219824212998 1 0.169532137930158 0.342498299894911 0.291303456972344 0.321686708722095
0.35627376770875 0.272489209264167 0.296768358140353 0.203461894207165 0 0.324073659047024 0.135127163817829 0.169532137930158 1 0.510074797703873 0.745028263971796 0.519145242903258
0.344937087912472 0.72132450316525 0.365181534800866 0.638981031729143 0 0.683758574754097 0.249159763578378 0.342498299894911 0.510074797703873 1 0.435087695191478 0.868309482038998
0.242024302443806 0.195146422485628 0.495936921755914 0.373004720118179 0.175712782544761 0.492038760085159 0.144560055737599 0.291303456972344 0.745028263971796 0.435087695191478 1 0.599350056570135
0.159684975215479 0.584923833265947 0.383660955030864 0.628549436352522 0 0.6946541694422 0.135401087787381 0.321686708722095 0.519145242903258 0.868309482038998 0.599350056570135 1
