1 0.813008825934574 0.421837097716208 0.274412472618214 0.0566634378026632 0.30235270426833 0.025863071454574 0.175097834849998 0.182243797307186 0.272005237743082 0.303746541016057 0.265182076364021
0.813008825934574 1 0.415394478895065 0.335243531865591 0.0154447990926904 0.210470026600684 0.00865231467371262 0.0797607828687355 0.165099139237146 0.457305009163283 0.295144508622806 0.356556497874981
0.421837097716208 0.415394478895065 1 0.900180333469089 0.382155660082214 0.429940591092228 0.249732419811433 0.103237607022295 0.184032518365656 0.413607943542914 0.690466346907687 0.645500775742756
0.274412472618214 0.335243531865591 0.900180333469089 1 0.348014580545417 0.378577550961192 0.218676637450106 0.116211432425767 0.0683541073820978 0.374656467307688 0.598448049836862 0.612076663106798
0.0566634378026632 0.0154447990926904 0.382155660082214 0.348014580545417 1 0.341558001903473 0.25365791797159 0.0786544834603186 0.00786166758283274 0.10645232826334 0.249259290504982 0.250141315825324
0.30235270426833 0.210470026600684 0.429940591092228 0.378577550961192 0.341558001903473 1 0.243280569910286 0.138529782840851 0.174141400484082 0.147560646738113 0.305175884199663 0.311830125500702
0.025863071454574 0.00865231467371262 0.249732419811433 0.218676637450106 0.25365791797159 0.243280569910286 1 0.25712835134091 0.0662662055478525 0.165780914212137 0.0480442211193488 0.0445734538045308
0.175097834849998 0.0797607828687355 0.103237607022295 0.116211432425767 0.0786544834603186 0.138529782840851 0.25712835134091 1 0.0253795055879761 0.114231393806982 0.117148322308372 0.167751806828338
0.182243797307186 0.165099139237146 0.184032518365656 0.0683541073820978 0.00786166758283274 0.174141400484082 0.0662662055478525 0.0253795055879761 1 0.627241692541906 0.459830225461138 0.380760281282101
0.272005237743082 0.457305009163283 0.413607943542914 0.374656467307688 0.10645232826334 0.147560646738113 0.165780914212137 0.114231393806982 0.627241692541906 1 0.505176496004967 0.620567707110577
0.303746541016057 0.295144508622806 0.690466346907687 0.598448049836862 0.249259290504982 0.305175884199663 0.0480442211193488 0.117148322308372 0.459830225461138 0.505176496004967 1 0.85435008079064
0.265182076364021 0.356556497874981 0.645500775742756 0.612076663106798 0.250141315825324 0.311830125500702 0.0445734538045308 0.167751806828338 0.380760281282101 0.620567707110577 0.85435008079064 1
