1 0.853137334231701 0.352478969463414 0.33122743903162 0 0.393311804594212 0.125932078944276 0.135263267736829 0.0889553348805916 0 0.246276601392012 0.263533585749794
0.853137334231701 1 0.435570396688704 0.452712405421366 0.0619921445923396 0.321267621577542 0.181894536785211 0.251824342552543 0.0816883557405423 0.0278711533892905 0.273964461256153 0.343465946906691
0.352478969463414 0.435570396688704 1 0.852661680412166 0.256695276138455 0.399178561577053 0 0.317941568707588 0.219803656120428 0.0483552835361441 0.560293138680389 0.618544705194866
0.33122743903162 0.452712405421366 0.852661680412166 1 0.163576905430997 0.33555709012814 0.0153303773251038 0.363684792068721 0.232022817433515 0.126656636898332 0.417753116953312 0.682292730252015
0 0.0619921445923395 0.256695276138455 0.163576905430997 1 0.379852526793483 0.00303352835952593 0.309480254776278 0.137833451690345 0.00287992101962464 0.502772279844282 0.245171739997625
0.393311804594212 0.321267621577542 0.399178561577053 0.33555709012814 0.379852526793483 1 0 0.0445776463077222 0.121977464710739 0 0.456806607788063 0.384074241462031
0.125932078944276 0.181894536785211 0 0.0153303773251038 0.00303352835952593 0 1 0.265407212995727 0 0.0113664107458551 0 0
0.135263267736829 0.251824342552543 0.317941568707588 0.363684792068721 0.309480254776278 0.0445776463077222 0.265407212995727 1 0.152183239963498 0.127350823108674 0.194423405625526 0.0922156186738215
0.0889553348805916 0.0816883557405423 0.219803656120428 0.232022817433515 0.137833451690345 0.121977464710739 0 0.152183239963498 1 0 0.376503080092021 0.240034136535259
0 0.0278711533892905 0.0483552835361441 0.126656636898332 0.00287992101962464 0 0.0113664107458551 0.127350823108674 0 1 0.0726801799352252 0.164787873182353
0.246276601392012 0.273964461256153 0.560293138680389 0.417753116953312 0.502772279844282 0.456806607788063 0 0.194423405625526 0.376503080092021 0.0726801799352252 1 0.55290181150131
0.263533585749794 0.343465946906691 0.618544705194866 0.682292730252015 0.245171739997625 0.384074241462031 0 0.0922156186738215 0.240034136535259 0.164787873182353 0.55290181150131 1
