1 0.895878008053157 0.181115149772627 0 0.275282438802867 0.1985396458884 0 0 0.696080156862289 0.38140760217091 0.300481869595489 0.348183599300383
0.895878008053157 1 0.256561627733069 0.186718747615883 0.129271594793686 0.172274782453044 0 0 0.48949591719918 0.477940707629584 0.239952810562869 0.434283967141814
0.181115149772627 0.256561627733069 1 0.797008360196654 0 0.128214785129125 0.209969882021543 0.275410661574341 0.0704641922498388 0 0.408318553317844 0.445153423627099
0 0.186718747615883 0.797008360196653 1 0 0.109500610619289 0 0.192288043203179 0 0.0131523079457274 0.169483926179301 0.438503482186911
0.275282438802867 0.129271594793686 0 0 1 0.426347386122547 0.14162270940763 0.0867884916211232 0.423591445488354 0.181474179152638 0.258684495531996 0.249566970232117
0.1985396458884 0.172274782453044 0.128214785129124 0.109500610619289 0.426347386122547 1 0.0624335905294689 0.157280662997779 0.329966579659457 0.190916090514521 0.202827935427671 0.378906406509224
0 0 0.209969882021543 0 0.14162270940763 0.0624335905294689 1 0.60340636239057 0 0 0.114644360056593 0.032674703144321
0 0 0.275410661574341 0.192288043203179 0.0867884916211233 0.157280662997779 0.60340636239057 1 0.00303097279984588 0 0.00181766108727576 0.101910731781297
0.696080156862289 0.48949591719918 0.0704641922498388 0 0.423591445488354 0.329966579659457 0 0.00303097279984588 1 0.380985293642214 0.453314241458673 0.296846410889336
0.38140760217091 0.477940707629584 0 0.0131523079457274 0.181474179152638 0.190916090514521 0 0 0.380985293642214 1 0 0.0865738570454964
0.300481869595489 0.239952810562869 0.408318553317844 0.169483926179301 0.258684495531996 0.202827935427671 0.114644360056593 0.00181766108727576 0.453314241458673 0 1 0.716220286030378
0.348183599300383 0.434283967141814 0.445153423627099 0.438503482186911 0.249566970232117 0.378906406509224 0.032674703144321 0.101910731781297 0.296846410889336 0.0865738570454964 0.716220286030378 1
