1 0.76657916672993 0.288839700101202 0.00312436006214692 0.429297953682763 0.541213816107252 0.244284418679824 0.233596700809536 0.241077192469438 0 0.335104031476698 0.297379507024503
0.76657916672993 1 0.216519874370143 0 0.209665462949924 0.384083335725507 0.26599225853082 0.35756332323769 0 0 0.162028502984132 0.214270780668555
0.288839700101202 0.216519874370143 1 0.830715579569624 0.324229424753917 0.299204179586118 0.168984700426609 0.10144786051681 0.41140968586572 0.101683748358898 0.625233767036892 0.538184817225851
0.00312436006214692 0 0.830715579569624 1 0.206216054761662 0.243768654968941 0.0971506479603618 0 0.294543458012138 0.226226222688239 0.495048320028184 0.556763119910563
0.429297953682763 0.209665462949924 0.324229424753917 0.206216054761662 1 0.663602593272931 0.127628324693679 0 0.682978881102785 0.307940226591942 0.676637823699439 0.557996158545882
0.541213816107252 0.384083335725507 0.299204179586118 0.243768654968941 0.663602593272931 1 0.329517556499172 0 0.5337971573935 0.321996594046371 0.542670198673598 0.547664882914637
0.244284418679824 0.26599225853082 0.168984700426609 0.0971506479603618 0.127628324693679 0.329517556499172 1 0.403170698454616 0.121577235318321 0 0.21225150211114 0.207245725577046
0.233596700809536 0.35756332323769 0.10144786051681 0 0 0 0.403170698454616 1 0 0 0.0924044109015787 0.0610681814737907
0.241077192469438 0 0.41140968586572 0.294543458012138 0.682978881102785 0.5337971573935 0.121577235318321 0 1 0.332724165352144 0.774920899591517 0.510503446281959
0 0 0.101683748358898 0.226226222688239 0.307940226591942 0.321996594046371 0 0 0.332724165352144 1 0.259101692722712 0.352365670269552
0.335104031476698 0.162028502984132 0.625233767036892 0.495048320028184 0.676637823699439 0.542670198673599 0.21225150211114 0.0924044109015787 0.774920899591517 0.259101692722712 1 0.789492816350001
0.297379507024503 0.214270780668555 0.538184817225851 0.556763119910563 0.557996158545882 0.547664882914637 0.207245725577046 0.0610681814737907 0.510503446281959 0.352365670269552 0.789492816350001 1
