1 0.489416562910248 0.315725453608087 0.185503930733327 0.26464371424106 0.035001133244799 0.0145062268268918 0.00495226267998772 0.407274213000537 -0.0605066026642309 0.249998430867596 -0.00632055758393545
0.489416562910248 1 0.222310382436073 0.498892000696638 0.105454064589964 0.445051894641136 0.123491716409963 0.23667155700564 0.115391317494289 0.496380532559851 0.0551963989447545 0.395130873276678
0.315725453608088 0.222310382436073 1 0.858541790904148 0.740620052611543 0.58368484740886 0.306453301442609 0.269338828320866 0.616261262756251 0.291421270958529 0.780757286215858 0.644807280449497
0.185503930733327 0.498892000696638 0.858541790904148 1 0.585084321738784 0.724392263970563 0.301154749769405 0.364491571145811 0.417897082634926 0.532324114542833 0.557921950217178 0.759164491335154
0.26464371424106 0.105454064589964 0.740620052611543 0.585084321738784 1 0.634629087977176 0.275468942759663 0.213214143426979 0.767264240767787 0.4097556078059 0.830917530819169 0.655950318171524
0.035001133244799 0.445051894641136 0.58368484740886 0.724392263970563 0.634629087977176 1 0.358080570589075 0.330823553385055 0.406240612609002 0.651582629703939 0.489306324394738 0.76788624801524
0.0145062268268918 0.123491716409963 0.306453301442609 0.301154749769405 0.275468942759663 0.358080570589075 1 0.507637081458631 0.235687898285927 0.131016542913936 0.262990716079383 0.332005358901498
0.00495226267998772 0.23667155700564 0.269338828320866 0.364491571145811 0.213214143426979 0.330823553385055 0.507637081458631 1 0.0683894016099726 0.305748092215946 0.101974244834747 0.384546575116362
0.407274213000537 0.115391317494289 0.616261262756251 0.417897082634926 0.767264240767787 0.406240612609002 0.235687898285927 0.0683894016099726 1 0.324293038056861 0.823399726187756 0.534580995276253
-0.0605066026642309 0.496380532559851 0.291421270958529 0.532324114542833 0.4097556078059 0.651582629703939 0.131016542913936 0.305748092215946 0.324293038056861 1 0.347224221566044 0.793337034184404
0.249998430867596 0.0551963989447545 0.780757286215858 0.557921950217178 0.830917530819169 0.489306324394738 0.262990716079383 0.101974244834747 0.823399726187756 0.347224221566044 1 0.654462036727972
-0.00632055758393545 0.395130873276678 0.644807280449497 0.759164491335154 0.655950318171524 0.76788624801524 0.332005358901498 0.384546575116362 0.534580995276253 0.793337034184404 0.654462036727972 1
