1 0.839817696908567 0.0936729006241139 0 0.224754353883667 0.12951197608737 0 0.0595751574923127 0.4437848685374 0.325887324319454 0.424879601891865 0.215373944666736
0.839817696908567 1 0.271170006368086 0.209895437711206 0.260528483282548 0.229096019316079 0.0753250416900942 0.0723935524956691 0.287859240271022 0.422661378181363 0.426433975925314 0.341018105243364
0.0936729006241139 0.271170006368086 1 0.861095103005935 0.0731887879182921 0.0540505405575775 0.271427542881374 0.0830775442368979 0.0352822284391296 0.146463130239603 0.272133100410552 0.127263604034414
0 0.209895437711206 0.861095103005934 1 0.0599531669857829 0.0845296264365211 0.384419253878164 0.10113730191458 0 0.128406582667509 0.161563517906318 0.202206201476871
0.224754353883667 0.260528483282548 0.0731887879182921 0.0599531669857829 1 0.726621364388824 0.100626112016021 0.148881826171422 0.638738648943581 0.480036070552698 0.721181117424518 0.654533499749182
0.12951197608737 0.229096019316079 0.0540505405575775 0.084529626436521 0.726621364388824 1 0.0607152250055125 0.0632687360524734 0.42836428487803 0.428623769702782 0.589153372714043 0.681010776944775
0 0.0753250416900942 0.271427542881374 0.384419253878164 0.100626112016021 0.0607152250055125 1 0.139737563974947 0 0.0986036820448652 0.0277562682808074 0
0.0595751574923127 0.0723935524956691 0.0830775442368979 0.10113730191458 0.148881826171422 0.0632687360524734 0.139737563974947 1 0 0 0 0.0224661864245378
0.4437848685374 0.287859240271022 0.0352822284391296 0 0.638738648943581 0.42836428487803 0 0 1 0.557029470582633 0.729578918039683 0.450400785146355
0.325887324319454 0.422661378181363 0.146463130239603 0.128406582667509 0.480036070552698 0.428623769702782 0.0986036820448652 0 0.557029470582633 1 0.621485665977465 0.643400827222905
0.424879601891865 0.426433975925314 0.272133100410552 0.161563517906318 0.721181117424518 0.589153372714043 0.0277562682808074 0 0.729578918039683 0.621485665977465 1 0.751181595478189
0.215373944666736 0.341018105243364 0.127263604034414 0.202206201476871 0.654533499749182 0.681010776944775 0 0.0224661864245378 0.450400785146355 0.643400827222905 0.751181595478189 1
