1 0.824475043893547 0.263286814067763 0.229939460013272 0.255554820103133 0.377639225588101 0.0861808528025202 0.206327325433366 0.304122653772602 0.313304461029307 0.322332689580017 0.398909588004019
0.824475043893547 1 0.313765107745748 0.318110359429568 0.178145421257324 0.502768774380592 0.0398602636132962 0.109599973978113 0.373191293434709 0.248894022884574 0.315531872403334 0.413989192823095
0.263286814067763 0.313765107745748 1 0.902531349942254 0.551252553563894 0.274884616018716 -0.000239379978940435 0.207928892680481 0.280320185235753 0.191788008693291 0.707946750364907 0.51867406769452
0.229939460013272 0.318110359429568 0.902531349942254 1 0.467243982192268 0.234224634214403 -0.0102206254976704 0.123832818076553 0.21497927696501 0.182991009531113 0.575470761217188 0.439207217622412
0.255554820103133 0.178145421257324 0.551252553563894 0.467243982192268 1 0.327534239883915 -0.00734094562651166 0.231608288627503 0.275303734179722 0.127253794419838 0.783723330907383 0.599576384761348
0.377639225588101 0.502768774380592 0.274884616018716 0.234224634214403 0.327534239883915 1 0.127259112843606 0.0198982160942362 0.192111424119802 -0.0992150486534458 0.326378847675976 0.35471562545415
0.0861808528025202 0.0398602636132962 -0.000239379978940435 -0.0102206254976704 -0.00734094562651166 0.127259112843606 1 0.29074819598256 0.0877972971801903 0.095342632881396 0.0676061515414327 0.14030387705181
0.206327325433366 0.109599973978113 0.207928892680481 0.123832818076553 0.231608288627503 0.0198982160942362 0.29074819598256 1 0.108746137300614 0.135728505451435 0.29244656238647 0.347482252732291
0.304122653772602 0.373191293434709 0.280320185235753 0.21497927696501 0.275303734179722 0.192111424119802 0.0877972971801903 0.108746137300614 1 0.533168341728431 0.335342134780739 0.237937839172775
0.313304461029307 0.248894022884574 0.191788008693291 0.182991009531113 0.127253794419838 -0.0992150486534458 0.095342632881396 0.135728505451435 0.533168341728431 1 0.197142710005411 0.216114462144451
0.322332689580017 0.315531872403334 0.707946750364907 0.575470761217188 0.783723330907383 0.326378847675976 0.0676061515414327 0.29244656238647 0.335342134780739 0.197142710005411 1 0.788898774007012
0.398909588004019 0.413989192823095 0.51867406769452 0.439207217622412 0.599576384761348 0.35471562545415 0.14030387705181 0.347482252732291 0.237937839172775 0.216114462144451 0.788898774007012 1
