1 0.838045938019384 0.615289734609046 0.471769062390084 0.234035078280864 0.369260320300447 0.186663144112912 0.161251809809684 0.582459571997142 0.676377637829277 0.423284629115114 0.389022665367148
0.838045938019384 1 0.710150847399977 0.677075395411246 0.141616012779838 0.479445817276718 0.107441499781735 0.172620898584631 0.501762111632338 0.792429800512068 0.364544365070401 0.613920326612125
0.615289734609046 0.710150847399977 1 0.909336781215629 0.133793074331818 0.450295213485297 0.292086506695931 0.12899304267243 0.519320846803408 0.659367244483393 0.505362790033413 0.626810392513563
0.471769062390084 0.677075395411246 0.909336781215629 1 0.0165459002706277 0.429291477632494 0.179156042442799 0.144214409292321 0.321783960979755 0.653658056396316 0.33344535399477 0.672853633441146
0.234035078280864 0.141616012779838 0.133793074331818 0.0165459002706277 1 0.534395779759782 0.268134132762697 0.172859834370729 0.578134456887611 0.277026821322235 0.683214227004668 0.190385438810107
0.369260320300447 0.479445817276718 0.450295213485297 0.429291477632494 0.534395779759782 1 0.19585022371024 0.363561609234966 0.504747465716009 0.571289502216711 0.649265784994265 0.599456112112539
0.186663144112912 0.107441499781735 0.292086506695931 0.179156042442799 0.268134132762697 0.19585022371024 1 0.316873388741284 0.302865111850634 0.101411389626808 0.350882092507222 0
0.161251809809684 0.172620898584631 0.12899304267243 0.14421440929232 0.172859834370729 0.363561609234966 0.316873388741284 1 0.104331957532946 0.129324181397576 0.199213032146687 0.0271163664046928
0.582459571997142 0.501762111632338 0.519320846803408 0.321783960979755 0.578134456887611 0.504747465716009 0.302865111850634 0.104331957532946 1 0.634590999856615 0.776583859094744 0.459197120353259
0.676377637829277 0.792429800512069 0.659367244483393 0.653658056396316 0.277026821322235 0.571289502216711 0.101411389626808 0.129324181397576 0.634590999856615 1 0.504153449730562 0.804535246496198
0.423284629115114 0.364544365070401 0.505362790033413 0.33344535399477 0.683214227004668 0.649265784994265 0.350882092507222 0.199213032146687 0.776583859094744 0.504153449730562 1 0.475737402635344
0.389022665367148 0.613920326612125 0.626810392513563 0.672853633441146 0.190385438810107 0.599456112112539 0 0.0271163664046928 0.459197120353259 0.804535246496198 0.475737402635344 1
