1 0.553977465123025 0.54895466077993 0.332471227921897 0.556341956801229 0.437160135649667 0.168601682685367 0.143457886918764 0.507061606199167 0.176457092269713 0.576581774614926 0.380423375567972
0.553977465123025 1 0.345709565536207 0.378748484103357 0.232056606551105 0.367765657299396 0.0423885285216634 0.284816888334814 0.311812160572057 0.387431698586817 0.339971753068138 0.480218474685086
0.54895466077993 0.345709565536207 1 0.86271337706145 0.797375936335279 0.716741680744482 0.37942550214706 0.120394847166449 0.724015584296874 0.361527940975732 0.870068670352828 0.759102066189623
0.332471227921897 0.378748484103357 0.86271337706145 1 0.609687876264598 0.66860716861405 0.310337393984063 0.266842489472835 0.543365514898411 0.540139097762549 0.662357526905849 0.836367175845368
0.556341956801229 0.232056606551105 0.797375936335279 0.609687876264598 1 0.81720887296896 0.356736405590485 0.151805078386674 0.853754740416128 0.298714873617699 0.930619749497965 0.692482093737737
0.437160135649667 0.367765657299396 0.716741680744482 0.66860716861405 0.81720887296896 1 0.288744289555895 0.259085727278768 0.762666695492933 0.545352133966909 0.79520548012607 0.812693651713229
0.168601682685367 0.0423885285216634 0.37942550214706 0.310337393984063 0.356736405590485 0.288744289555895 1 0.0196137504781012 0.318009672373513 0.101435079333485 0.329779049753396 0.257356837722035
0.143457886918764 0.284816888334814 0.120394847166449 0.266842489472835 0.151805078386674 0.259085727278768 0.0196137504781012 1 0.151816431195372 0.195611685698832 0.112239015049696 0.262282919398983
0.507061606199167 0.311812160572057 0.724015584296874 0.543365514898411 0.853754740416128 0.762666695492933 0.318009672373513 0.151816431195372 1 0.362222037789146 0.88240988194055 0.636838256948337
0.176457092269713 0.387431698586817 0.361527940975732 0.540139097762549 0.298714873617699 0.545352133966909 0.101435079333485 0.195611685698832 0.362222037789146 1 0.30710107105694 0.692445965914363
0.576581774614926 0.339971753068138 0.870068670352828 0.662357526905849 0.930619749497965 0.79520548012607 0.329779049753396 0.112239015049696 0.88240988194055 0.30710107105694 1 0.748434331745917
0.380423375567972 0.480218474685086 0.759102066189623 0.836367175845368 0.692482093737737 0.812693651713229 0.257356837722035 0.262282919398983 0.636838256948337 0.692445965914363 0.748434331745916 1
