1 0.892684671487117 0.688236833812409 0.567960018996019 0.396131646979512 0.267750538145701 0.451638640384231 0.408580686789872 0.721865445477306 0.515014362899486 0.725803967015101 0.550537810335815
0.892684671487117 1 0.610370096623857 0.568574788369616 0.311975315041187 0.366060372238744 0.329278582411218 0.420890404686932 0.603040805309699 0.651465250212189 0.63216608426373 0.676941544395289
0.688236833812409 0.610370096623857 1 0.92818040427965 0.322443769712336 0.115491712483515 0.366261859827791 0.401391608664533 0.700997429814715 0.553264684045838 0.789250064674336 0.56580381007393
0.567960018996019 0.568574788369616 0.92818040427965 1 0.196556227819678 0.0870036629584087 0.333096304725995 0.497068018740938 0.652915695733214 0.653151829001835 0.704392148632752 0.596762787662333
0.396131646979512 0.311975315041187 0.322443769712336 0.196556227819678 1 0.220763943130751 0.153685794557921 0.120236407014251 0.333466206682354 0.149284447382357 0.406631736233798 0.313299766425233
0.267750538145701 0.366060372238744 0.115491712483515 0.0870036629584087 0.220763943130751 1 0.0556520689752418 0.00556242281843682 0.0820514229667782 0.32732789511708 0.204720749920982 0.536152614518468
0.451638640384231 0.329278582411218 0.366261859827791 0.333096304725995 0.153685794557921 0.0556520689752418 1 0.455885049029304 0.498875281474012 0.315406017221782 0.445951196530197 0.214654832642372
0.408580686789872 0.420890404686932 0.401391608664533 0.497068018740938 0.120236407014251 0.00556242281843682 0.455885049029304 1 0.480676902393871 0.516932578030499 0.415390730194865 0.296436872908722
0.721865445477306 0.603040805309699 0.700997429814715 0.652915695733214 0.333466206682354 0.0820514229667782 0.498875281474012 0.480676902393871 1 0.661793630007082 0.807659129947707 0.467622059432772
0.515014362899486 0.651465250212189 0.553264684045838 0.653151829001835 0.149284447382357 0.32732789511708 0.315406017221782 0.516932578030499 0.661793630007082 1 0.578781232456727 0.689125498070642
0.725803967015101 0.63216608426373 0.789250064674336 0.704392148632752 0.406631736233798 0.204720749920982 0.445951196530197 0.415390730194865 0.807659129947707 0.578781232456727 1 0.64669944101488
0.550537810335815 0.676941544395289 0.56580381007393 0.596762787662333 0.313299766425233 0.536152614518468 0.214654832642372 0.296436872908722 0.467622059432772 0.689125498070642 0.646699441014881 1
