0 0 0 0 0 0 0.134305260618461 0.169909548687817 0 0 0 0
0 0 0 0 0 0 0.237281885821197 0.188482868638009 0 0 0 0
0 0 0 0 0 0 0.000321580577352604 0.0712163565950556 0 0 0 0
0 0 0 0 0 0 0.0864986796483231 0.0653194548776165 0 0 0 0
0 0 0 0 0 0 0.109676769234763 0.158745512752087 0 0 0 0
0 0 0 0 0 0 0.110425996062833 0 0 0 0 0
0.134305260618461 0.237281885821197 0.000321580577352604 0.0864986796483231 0.109676769234763 0.110425996062833 0 0 0 0.057805557515414 0 0.134498480914922
0.169909548687817 0.188482868638009 0.0712163565950556 0.0653194548776165 0.158745512752087 0 0 0 0.108367991696624 0.0241948165892638 0.0666757737779491 0.034780651775066
0 0 0 0 0 0 0 0.108367991696624 0 0 0 0
0 0 0 0 0 0 0.057805557515414 0.0241948165892638 0 0 0 0
0 0 0 0 0 0 0 0.0666757737779491 0 0 0 0
0 0 0 0 0 0 0.134498480914922 0.034780651775066 0 0 0 0
