1 0.714937061862154 0.432947954388395 0 0.339362517005732 0.163624368062702 0.218943608092185 0 0.307646292483073 0.138028438727082 0.352977387186102 0.171485993064601
0.714937061862154 1 0.347798815460456 0.0970169766758294 0.20803411368469 0.0873480386398478 0.0957049884391611 0.153386740544637 0.113467726847207 0.261425448073263 0.238804512714893 0.262825325268978
0.432947954388395 0.347798815460456 1 0.660649732276523 0.525258378653124 0.467960964278017 0.203113912931994 0 0.428479719788005 0.487577692454329 0.515042318343084 0.566658108403495
0 0.0970169766758293 0.660649732276523 1 0.155867042018134 0.409248247826408 0.119458302526878 0.0316795963335487 0.0250041852809938 0.442571256136965 0.156396376790899 0.450177846313799
0.339362517005732 0.20803411368469 0.525258378653124 0.155867042018134 1 0.474263081435319 0 0 0.586499333484898 0.440836339407465 0.784665871811271 0.477542660923398
0.163624368062702 0.0873480386398478 0.467960964278017 0.409248247826408 0.474263081435319 1 0.05594445607048 0 0.247979218198271 0.32631976814951 0.369496246801607 0.462653824469029
0.218943608092185 0.0957049884391611 0.203113912931994 0.119458302526878 0 0.05594445607048 1 0.162042549202574 0 0 0 0
0 0.153386740544637 0 0.0316795963335487 0 0 0.162042549202574 1 0 0 0 0
0.307646292483073 0.113467726847207 0.428479719788005 0.0250041852809938 0.586499333484898 0.247979218198271 0 0 1 0.408842183685643 0.661521820766858 0.486587084389957
0.138028438727082 0.261425448073263 0.487577692454329 0.442571256136965 0.440836339407465 0.32631976814951 0 0 0.408842183685643 1 0.550144785200329 0.529739087080495
0.352977387186102 0.238804512714893 0.515042318343084 0.156396376790899 0.784665871811271 0.369496246801607 0 0 0.661521820766858 0.550144785200329 1 0.642480318194089
0.171485993064601 0.262825325268978 0.566658108403495 0.450177846313799 0.477542660923398 0.462653824469029 0 0 0.486587084389957 0.529739087080495 0.642480318194089 1
