1 0.831045041600216 0.70245897363793 0.597557081257438 0.632144378379093 0.627219356151895 0.174515847702001 0.375569752506689 0.598034409353346 0.42974499061874 0.714311603617853 0.493021778144956
0.831045041600216 1 0.465928748874639 0.555312432551742 0.416793552869845 0.568991865783088 -0.0429837828653556 0.18255778991047 0.461404532121437 0.59478263184817 0.484246619285365 0.65088819173751
0.70245897363793 0.465928748874639 1 0.836351519648134 0.725512469178589 0.589255720892121 0.302048272985797 0.550495390850492 0.659301401808067 0.260307548025101 0.814930311058987 0.314915883746414
0.597557081257438 0.555312432551742 0.836351519648134 1 0.552482165491731 0.677546586693011 0.10040139378735 0.423234043326035 0.484277490153088 0.410606235786016 0.640845525745907 0.519344682606169
0.632144378379093 0.416793552869845 0.725512469178589 0.552482165491731 1 0.5877215535723 0.231660224014743 0.376492300458997 0.771331173058073 0.420996379228784 0.850851701355562 0.462595673980412
0.627219356151895 0.568991865783088 0.589255720892121 0.677546586693011 0.5877215535723 1 0.0293693165838725 0.445451359419694 0.458206186500193 0.530334379116272 0.623114668972586 0.735189082534482
0.174515847702001 -0.0429837828653556 0.302048272985797 0.10040139378735 0.231660224014743 0.0293693165838725 1 0.366074638539978 0.157502311001035 -0.123641756647967 0.220332000063981 -0.216536527169407
0.375569752506689 0.18255778991047 0.550495390850492 0.423234043326035 0.376492300458997 0.445451359419694 0.366074638539978 1 0.312230578525604 0.13196067159493 0.411234015313921 0.142365979974641
0.598034409353346 0.461404532121437 0.659301401808067 0.484277490153088 0.771331173058073 0.458206186500193 0.157502311001035 0.312230578525604 1 0.496792006087656 0.77221503901702 0.429697711543024
0.42974499061874 0.59478263184817 0.260307548025101 0.410606235786016 0.420996379228784 0.530334379116272 -0.123641756647967 0.13196067159493 0.496792006087656 1 0.379746466063023 0.826139123657354
0.714311603617853 0.484246619285365 0.814930311058987 0.640845525745907 0.850851701355562 0.623114668972586 0.220332000063981 0.411234015313921 0.77221503901702 0.379746466063023 1 0.510400679820375
0.493021778144956 0.65088819173751 0.314915883746414 0.519344682606169 0.462595673980412 0.735189082534482 -0.216536527169407 0.142365979974641 0.429697711543024 0.826139123657354 0.510400679820375 1
