1 0.78467862011146 0.246824543135997 0.00841281157143098 0.203582200985571 0.247931875900009 0.0473697985603155 0.0449644767584891 0.433097339000244 0.409081237185584 0.393519286359769 0.255132815396882
0.78467862011146 1 0.109617610750398 0.0132292610952767 0.0632881214656196 0.340558801337267 0.0717083322738964 0 0.298697104827755 0.439319280154636 0.284237622396445 0.274169887123516
0.246824543135997 0.109617610750398 1 0.860550559290967 0.502371441106016 0.329532929506173 0 0.0675960333061977 0.507274357869159 0.250921723255467 0.672669841909271 0.478604460120714
0.00841281157143098 0.0132292610952767 0.860550559290967 1 0.425656549740995 0.31485412041307 0 0.165763353610996 0.318102491747088 0.224785124697901 0.550837893748825 0.539587488051628
0.203582200985572 0.0632881214656196 0.502371441106016 0.425656549740995 1 0.307276168617625 0.253203869496818 0.206669068951006 0.447703358854086 0.288625488628381 0.609488575535609 0.473120618454236
0.247931875900009 0.340558801337267 0.329532929506173 0.31485412041307 0.307276168617625 1 0.0975290949127019 0.180330543101019 0.212704433250326 0.452000139398347 0.350223435506536 0.384799811233701
0.0473697985603155 0.0717083322738964 0 0 0.253203869496818 0.0975290949127019 1 0.256342684242147 0.0918047903488835 0.11623840607253 0.0533177287752353 0.151027860398984
0.0449644767584891 0 0.0675960333061977 0.165763353610996 0.206669068951006 0.18033054310102 0.256342684242147 1 0 0 0.15898060008513 0.162632812973028
0.433097339000244 0.298697104827755 0.507274357869159 0.318102491747088 0.447703358854086 0.212704433250326 0.0918047903488835 0 1 0.48681294686244 0.590780839499186 0.341627025277007
0.409081237185584 0.439319280154636 0.250921723255467 0.224785124697901 0.288625488628381 0.452000139398347 0.11623840607253 0 0.48681294686244 1 0.422299313129551 0.439907409947714
0.393519286359769 0.284237622396445 0.672669841909271 0.550837893748825 0.609488575535609 0.350223435506536 0.0533177287752353 0.15898060008513 0.590780839499186 0.422299313129551 1 0.693484689577877
0.255132815396882 0.274169887123516 0.478604460120714 0.539587488051628 0.473120618454236 0.384799811233701 0.151027860398984 0.162632812973028 0.341627025277007 0.439907409947714 0.693484689577877 1
