1 0.675063413690923 0.609807687164668 0.322240752760033 0.441763904578824 0.457936380677105 0.278875050568192 0.343022924164684 0.603221000551368 0.349606078648845 0.652520074662332 0.427308317636466
0.675063413690923 1 0.467827815419287 0.383650935190446 0.205268777620345 0.455871872739607 0.179340111223984 0.167616203568091 0.489166494636072 0.449168774198555 0.513717623571898 0.481347498941361
0.609807687164668 0.467827815419287 1 0.825548782669351 0.508255092441732 0.479269473517867 0.345285275493462 0.478287981386465 0.5772776724593 0.375195854979737 0.710031201804389 0.545179670243881
0.322240752760033 0.383650935190446 0.825548782669351 1 0.346904736694922 0.474921462316151 0.335220007741913 0.333346146775791 0.350414282064355 0.390123514171593 0.554837298289769 0.671048894391688
0.441763904578824 0.205268777620345 0.508255092441732 0.346904736694922 1 0.363922649761359 0.218585082551801 0.374697474264751 0.188505468648079 0.0436936580102485 0.498522581247145 0.256776008724723
0.457936380677105 0.455871872739607 0.479269473517867 0.474921462316151 0.363922649761359 1 0.306251534557607 0.237179676921805 0.445556282557711 0.460017333650762 0.542636479189425 0.508050256030417
0.278875050568192 0.179340111223984 0.345285275493462 0.335220007741913 0.218585082551801 0.306251534557607 1 0.309841564673675 0.235828621913434 0.163823729854709 0.331846739873479 0.255356586110493
0.343022924164684 0.167616203568091 0.478287981386465 0.333346146775791 0.374697474264751 0.237179676921805 0.309841564673675 1 0.28979846752847 0.226945434834581 0.312398687387158 0.238734755623396
0.603221000551368 0.489166494636072 0.5772776724593 0.350414282064355 0.188505468648079 0.445556282557711 0.235828621913434 0.28979846752847 1 0.633813464485572 0.794175488750481 0.53624778528466
0.349606078648845 0.449168774198555 0.375195854979737 0.390123514171593 0.0436936580102485 0.460017333650762 0.163823729854709 0.226945434834581 0.633813464485572 1 0.530434191681764 0.757461731779855
0.652520074662332 0.513717623571898 0.710031201804389 0.554837298289769 0.498522581247145 0.542636479189425 0.331846739873479 0.312398687387158 0.794175488750481 0.530434191681764 1 0.670046935113008
0.427308317636466 0.481347498941361 0.545179670243881 0.671048894391688 0.256776008724723 0.508050256030417 0.255356586110493 0.238734755623396 0.53624778528466 0.757461731779855 0.670046935113008 1
