1 0.745616349112915 0.53359283186245 0.274640810077667 0.738168438329671 0.385200548455107 0.277398674188063 0.276539539943004 0.504916418614068 0.536535768797727 0.600833551189674 0.511590739730548
0.745616349112915 1 0.579198793782471 0.521163602902072 0.530837715876834 0.395231103565661 0.184773943746685 0.359562524058186 0.255039275656017 0.55798019679957 0.498959976044459 0.582965653637732
0.53359283186245 0.579198793782471 1 0.805295833751132 0.445610265247844 0.424254330689332 0.227317370304748 0.367626395373034 0.293133350278263 0.641772253939115 0.716762545942314 0.722860339090511
0.274640810077667 0.521163602902072 0.805295833751132 1 0.197135979697744 0.362865668182001 0.157508682629451 0.327424045380749 0 0.477229094638105 0.441690092513968 0.679458105494534
0.738168438329671 0.530837715876834 0.445610265247844 0.197135979697744 1 0.604481382222099 0.395131139181209 0.432481433280214 0.504265146775014 0.676919874981182 0.684986882743859 0.48622531848001
0.385200548455107 0.395231103565661 0.424254330689332 0.362865668182001 0.604481382222099 1 0.338122408008355 0.525897693051767 0.300751817221914 0.709581416385007 0.660025616579546 0.626331181971462
0.277398674188063 0.184773943746685 0.227317370304748 0.157508682629451 0.395131139181209 0.338122408008355 1 0.445151449040539 0.242420114326578 0.32225064814799 0.308115582816296 0.200427453738956
0.276539539943004 0.359562524058186 0.367626395373034 0.327424045380749 0.432481433280214 0.525897693051767 0.445151449040539 1 0.189352639716798 0.485271424925846 0.492564121220086 0.476125024070286
0.504916418614068 0.255039275656017 0.293133350278263 0 0.504265146775014 0.300751817221914 0.242420114326578 0.189352639716798 1 0.386842948277965 0.544314962385911 0.404192623663167
0.536535768797727 0.55798019679957 0.641772253939115 0.477229094638105 0.676919874981182 0.709581416385007 0.32225064814799 0.485271424925846 0.386842948277965 1 0.77116866768173 0.673666822924762
0.600833551189674 0.498959976044459 0.716762545942314 0.441690092513968 0.684986882743859 0.660025616579546 0.308115582816296 0.492564121220086 0.544314962385911 0.77116866768173 1 0.719781862263009
0.511590739730549 0.582965653637732 0.722860339090511 0.679458105494534 0.48622531848001 0.626331181971462 0.200427453738956 0.476125024070286 0.404192623663167 0.673666822924762 0.71978186226301 1
