1 0.824174417724448 0.475636053533928 0.416197244362996 0.188828988015194 0.228144012969942 0.116376478363979 -0.0247002530439101 0.115617429659624 0.302177608249837 0.249177993741718 0.363489392590013
0.824174417724448 1 0.414253021711671 0.49792319054212 0.224893747256081 0.217813514541236 0.0294636712897132 0.101899586546631 0.0880342496774863 0.331235024618158 0.177657509433841 0.352356929178465
0.475636053533928 0.414253021711671 1 0.731483934045064 0.347369848774486 0.27784631331934 0.107737167795135 0.0105773874806065 0.156842778674829 0.179817289258384 0.417110734721148 0.513882266276826
0.416197244362996 0.49792319054212 0.731483934045064 1 0.165294012842599 0.267177449995296 -0.132708304033288 0.13061260390492 -0.0110231526861042 0.281163193298081 0.173626285076498 0.475220109361843
0.188828988015194 0.224893747256081 0.347369848774486 0.165294012842599 1 0.531819779682263 0.0388650241866396 0.00513986201295996 0.13698875692213 0.118590603247123 0.293840614074023 0.277410624022585
0.228144012969942 0.217813514541236 0.27784631331934 0.267177449995296 0.531819779682263 1 0.0543922960464104 0.235409608798526 -0.00901108545548556 0.0434373923664168 0.0998287829153894 0.157079501692906
0.116376478363979 0.0294636712897132 0.107737167795135 -0.132708304033288 0.0388650241866396 0.0543922960464104 1 -0.08352621628412 0.0922280006587375 0.0323023053683369 0.134229572075414 -0.0329658337315273
-0.0247002530439101 0.101899586546631 0.0105773874806065 0.13061260390492 0.00513986201295996 0.235409608798526 -0.08352621628412 1 0.019423361008314 0.0330652925112365 0.0145347683250056 0.0707317671215048
0.115617429659624 0.0880342496774863 0.156842778674829 -0.0110231526861042 0.13698875692213 -0.00901108545548556 0.0922280006587375 0.019423361008314 1 0.15450609959402 0.620467209399177 0.338103747454435
0.302177608249837 0.331235024618158 0.179817289258384 0.281163193298081 0.118590603247123 0.0434373923664167 0.0323023053683369 0.0330652925112365 0.15450609959402 1 0.152362377570752 0.126394439038859
0.249177993741718 0.177657509433841 0.417110734721148 0.173626285076498 0.293840614074023 0.0998287829153894 0.134229572075414 0.0145347683250056 0.620467209399177 0.152362377570752 1 0.709510460424805
0.363489392590013 0.352356929178465 0.513882266276826 0.475220109361843 0.277410624022585 0.157079501692906 -0.0329658337315273 0.0707317671215048 0.338103747454435 0.126394439038859 0.709510460424805 1
