1 0.913267677626271 0.796555860642013 0.729943817934607 0.595044896040736 0.653384405060078 0.180739866316033 0.247382699745081 0.798332835729613 0.55971817148408 0.735740323045867 0.74122778893597
0.913267677626271 1 0.737075023055386 0.696078749894064 0.498955417605588 0.559877925496862 0.11970708110284 0.207803840934173 0.693500823428828 0.568672839546997 0.66125967783407 0.702006331970514
0.796555860642013 0.737075023055386 1 0.927146466873699 0.675853119791093 0.644148840507685 0.298645783119633 0.421190724313105 0.858777868783514 0.645885443246586 0.895617961778163 0.856657408747058
0.729943817934607 0.696078749894064 0.927146466873699 1 0.566087100034516 0.615970570230595 0.206666778319844 0.349111306257531 0.778753702536712 0.632405900175839 0.794542574625207 0.856459435259458
0.595044896040736 0.498955417605588 0.675853119791093 0.566087100034517 1 0.661550806533028 0.480538652691358 0.510267396995455 0.704108267382182 0.403145015253195 0.736445103722591 0.696377735414434
0.653384405060078 0.559877925496862 0.644148840507685 0.615970570230595 0.661550806533028 1 0.381652330448526 0.409207580076168 0.639092015415732 0.385909976701349 0.618544251388871 0.695394757715872
0.180739866316033 0.11970708110284 0.298645783119633 0.206666778319844 0.480538652691358 0.381652330448527 1 0.562034843317916 0.256642970743819 0 0.384337070201886 0.370059812090488
0.247382699745081 0.207803840934173 0.421190724313105 0.349111306257531 0.510267396995455 0.409207580076168 0.562034843317916 1 0.358309376235856 0.160028943149935 0.495259614684368 0.503473276894084
0.798332835729613 0.693500823428828 0.858777868783514 0.778753702536712 0.704108267382182 0.639092015415732 0.25664297074382 0.358309376235856 1 0.72648718004255 0.865579942582946 0.777825894915945
0.55971817148408 0.568672839546997 0.645885443246586 0.632405900175839 0.403145015253194 0.385909976701349 0 0.160028943149935 0.72648718004255 1 0.623053449692514 0.645657338908259
0.735740323045867 0.66125967783407 0.895617961778163 0.794542574625207 0.736445103722591 0.618544251388871 0.384337070201886 0.495259614684368 0.865579942582946 0.623053449692514 1 0.865811102803214
0.74122778893597 0.702006331970514 0.856657408747058 0.856459435259458 0.696377735414434 0.695394757715872 0.370059812090488 0.503473276894084 0.777825894915945 0.645657338908259 0.865811102803214 1
