1 0.701848049645355 0.50488564536229 0.242761540901139 0.243632189097195 0.190882757651073 0.249669233801792 0.34999251029318 0.570143433186547 0.452263591796084 0.621897462369642 0.454864417057845
0.701848049645355 1 0.598883879037558 0.424901069152802 0.3065277271329 0.291953011454438 0.447869751216461 0.408276954213079 0.621351943177217 0.545270803196726 0.644762949076448 0.554204718013301
0.50488564536229 0.598883879037558 1 0.736050655749467 0.385866410919458 0.399488761880045 0.574040129090108 0.45274439808056 0.691090614952802 0.53721561981692 0.803160461294323 0.626213544101045
0.242761540901139 0.424901069152802 0.736050655749467 1 0.43643682888432 0.450360908497821 0.397906954354479 0.498501295781449 0.566899873595785 0.498369487479315 0.575409891951899 0.612972309029888
0.243632189097195 0.3065277271329 0.385866410919458 0.43643682888432 1 0.723279548746946 0.353792710082342 0.157559839565566 0.427458455212374 0.374915240356241 0.521510558634503 0.424505720035891
0.190882757651073 0.291953011454438 0.399488761880045 0.450360908497821 0.723279548746946 1 0.31835755841633 0.190506343362085 0.295501692585175 0.404939119342209 0.434482416857988 0.439334947448116
0.249669233801792 0.447869751216461 0.574040129090108 0.397906954354479 0.353792710082342 0.31835755841633 1 0.431909209092719 0.480922813773028 0.500314576480958 0.514148285818069 0.555891592861044
0.34999251029318 0.408276954213079 0.45274439808056 0.498501295781449 0.157559839565566 0.190506343362085 0.431909209092719 1 0.331167194899438 0.575572771230228 0.338030874328928 0.635323602053424
0.570143433186547 0.621351943177217 0.691090614952802 0.566899873595785 0.427458455212374 0.295501692585175 0.480922813773028 0.331167194899438 1 0.658908055114583 0.834369059389092 0.508592906956833
0.452263591796084 0.545270803196726 0.53721561981692 0.498369487479315 0.374915240356241 0.404939119342209 0.500314576480958 0.575572771230228 0.658908055114582 1 0.639346920069844 0.796795389732289
0.621897462369642 0.644762949076448 0.803160461294323 0.575409891951899 0.521510558634503 0.434482416857988 0.514148285818069 0.338030874328928 0.834369059389092 0.639346920069844 1 0.638851054411476
0.454864417057845 0.554204718013301 0.626213544101045 0.612972309029888 0.424505720035891 0.439334947448116 0.555891592861044 0.635323602053424 0.508592906956833 0.796795389732289 0.638851054411476 1
