1 0.665235289167195 0.32989051008244 0.141674030906112 0.41864193751278 0.126469454782074 0.196353005125418 0.395768622094296 0.570924243069567 0.176003330327761 0.206907149503558 0
0.665235289167195 1 0.29724215121018 0.222411094051583 0.488589542668115 0.366709778626686 0.201919892331765 0.321933904681336 0.452055400633851 0.461979217841214 0.262457824401012 0.146187053690146
0.32989051008244 0.29724215121018 1 0.866322377524524 0.509801101313806 0.520879381813181 0.234455506452738 0.270767586552443 0.419082080111197 0.500470413592477 0.56272881929284 0.602600523406157
0.141674030906112 0.222411094051583 0.866322377524524 1 0.30798426474989 0.541496289155756 0.344957120402675 0.271915446596098 0.167552274699757 0.542291096093323 0.325849613679757 0.668169598038536
0.41864193751278 0.488589542668115 0.509801101313806 0.30798426474989 1 0.458100797234917 0.196949905361248 0.308083163053854 0.604908994514816 0.524403208130703 0.591023503262418 0.403664198528768
0.126469454782074 0.366709778626686 0.520879381813181 0.541496289155756 0.458100797234917 1 0.375002058386782 0.292028764902532 0.311896483645025 0.683332735625277 0.507712926336761 0.740075280854526
0.196353005125418 0.201919892331765 0.234455506452738 0.344957120402675 0.196949905361248 0.375002058386782 1 0.29650640724688 0.191859882092716 0.177193408049446 0.00511408344501653 0.189289575122729
0.395768622094296 0.321933904681336 0.270767586552443 0.271915446596098 0.308083163053854 0.292028764902532 0.29650640724688 1 0.231596603400805 0.244788959715245 0.0221315301055772 0.217593007753323
0.570924243069567 0.452055400633851 0.419082080111197 0.167552274699757 0.604908994514816 0.311896483645025 0.191859882092716 0.231596603400805 1 0.31748190102574 0.527251265062566 0.205244818384783
0.176003330327761 0.461979217841214 0.500470413592477 0.542291096093323 0.524403208130703 0.683332735625277 0.177193408049446 0.244788959715245 0.31748190102574 1 0.524999374316044 0.715426839912675
0.206907149503558 0.262457824401012 0.56272881929284 0.325849613679757 0.591023503262418 0.507712926336761 0.00511408344501653 0.0221315301055772 0.527251265062566 0.524999374316044 1 0.633756132467519
0 0.146187053690146 0.602600523406157 0.668169598038536 0.403664198528768 0.740075280854526 0.189289575122729 0.217593007753323 0.205244818384783 0.715426839912675 0.633756132467519 1
