1 0.563259433946727 0.0737559463861749 -0.178736893399742 0.395054114278693 -0.00772491610382647 0.198877096101101 -0.149179355206869 0.351172961492966 -0.230644501660272 0.201945128826029 -0.192795571299645
0.563259433946727 1 0.0498040775722705 0.0145967462234848 0.171222511332985 0.157496012057005 0.406354528673236 0.225396837440502 -0.0616968486465874 -0.215906717112915 -0.0882763958999909 -0.0333123002578939
0.0737559463861749 0.0498040775722705 1 0.847520336067272 0.344662505220444 0.373939662899654 0.245998645725279 0.389623471417292 0.372886333105737 0.509292848190216 0.614931235712877 0.566114638941757
-0.178736893399742 0.0145967462234848 0.847520336067272 1 0.0822937938791619 0.387233530611553 0.209153191539408 0.589170017445035 0.0524655891791373 0.627776133077353 0.347664425129416 0.73702171478759
0.395054114278693 0.171222511332985 0.344662505220444 0.0822937938791619 1 0.505085478259657 0.102205093507427 -0.0279944105680369 0.568404770803652 0.063712397878125 0.676726085126762 0.239776834398185
-0.00772491610382647 0.157496012057005 0.373939662899654 0.387233530611553 0.505085478259657 1 0.0873931323734625 0.301382305855168 0.262810300470753 0.462155091722215 0.404155601216849 0.645540303196968
0.198877096101101 0.406354528673236 0.245998645725279 0.209153191539408 0.102205093507427 0.0873931323734625 1 0.467841550560243 -0.0443210802462897 -0.0559561808728328 0.0460637642316942 0.0770350711364932
-0.149179355206869 0.225396837440502 0.389623471417292 0.589170017445035 -0.0279944105680369 0.301382305855168 0.467841550560243 1 -0.143686145902566 0.319971978466076 0.0987264410145548 0.494272539876307
0.351172961492966 -0.0616968486465874 0.372886333105737 0.0524655891791373 0.568404770803652 0.262810300470753 -0.0443210802462897 -0.143686145902566 1 0.329472605631554 0.763282407357692 0.200852583420189
-0.230644501660272 -0.215906717112915 0.509292848190216 0.627776133077353 0.063712397878125 0.462155091722215 -0.0559561808728328 0.319971978466076 0.329472605631554 1 0.470822789892887 0.811118164047103
0.201945128826029 -0.0882763958999909 0.614931235712877 0.347664425129416 0.676726085126762 0.404155601216849 0.0460637642316942 0.0987264410145548 0.763282407357692 0.470822789892887 1 0.509802002340166
-0.192795571299645 -0.0333123002578939 0.566114638941757 0.73702171478759 0.239776834398185 0.645540303196968 0.0770350711364932 0.494272539876307 0.200852583420189 0.811118164047103 0.509802002340166 1
