1 0.976957661933267 0.850402899182321 0.821708380020806 0.594904902325089 0.550027125968563 0.140611034569239 0.261068774916977 0.389935778859449 0.422826708543602 0.391934658849583 0.745818908779305
0.976957661933267 1 0.852730906617861 0.845342731608883 0.620679616248994 0.579851659958862 0.159306584834087 0.293253775306685 0.426925166537404 0.459800851579719 0.373850934834054 0.768050837063709
0.850402899182321 0.852730906617861 1 0.932842219581597 0.576946869650876 0.618785917988429 0.0879244513370458 0.253345780056457 0.429314302946335 0.378506278089901 0.328897095693941 0.747495339682496
0.821708380020806 0.845342731608883 0.932842219581597 1 0.537763598190608 0.609543300451267 0.133204041048314 0.303651160002483 0.359987723511048 0.314662120698214 0.240091150955609 0.766499984906189
0.594904902325089 0.620679616248994 0.576946869650876 0.537763598190608 1 0.500462396460757 0.192501707474683 0.183491965144453 0.372910634332274 0.453917042242236 0.618412325067206 0.650145955336658
0.550027125968563 0.579851659958862 0.618785917988429 0.609543300451267 0.500462396460757 1 0.260131404806051 0.330082362249743 0.421567756156547 0.373281630675196 0.198073036864962 0.621541996219636
0.140611034569239 0.159306584834087 0.0879244513370458 0.133204041048314 0.192501707474682 0.260131404806051 1 0.341365606309791 0.0437303844637348 0 0 0.113996843113676
0.261068774916977 0.293253775306685 0.253345780056457 0.303651160002483 0.183491965144453 0.330082362249743 0.341365606309791 1 0.0923352593133529 0 0 0.275041230356625
0.389935778859449 0.426925166537404 0.429314302946335 0.359987723511048 0.372910634332274 0.421567756156547 0.0437303844637348 0.0923352593133529 1 0.610054895112976 0.251576345219141 0.327676883140631
0.422826708543602 0.459800851579719 0.378506278089901 0.314662120698214 0.453917042242236 0.373281630675196 0 0 0.610054895112976 1 0.478004317256544 0.422555236585093
0.391934658849583 0.373850934834055 0.328897095693941 0.240091150955609 0.618412325067206 0.198073036864962 0 0 0.251576345219141 0.478004317256544 1 0.43303524810159
0.745818908779305 0.768050837063709 0.747495339682495 0.766499984906189 0.650145955336658 0.621541996219636 0.113996843113676 0.275041230356625 0.327676883140631 0.422555236585093 0.43303524810159 1
