1 0.766272299682404 0.176831888669806 -0.063548860781973 0.222220151822916 0.172123198212036 -0.0117062951137964 0.0814878573522528 0.43225597337645 0.298343663706718 -0.0703553009370583 0.149938866877366
0.766272299682404 1 0.116253107902203 0.0750150991164413 0.194320042151291 0.228647680330916 0.0147852782721985 -0.0271821496261626 0.443612970895374 0.487213976414787 -0.000739703632493439 0.379868149655982
0.176831888669806 0.116253107902203 1 0.725188410943721 0.0508113124335843 0.0279233904957425 0.0887483627328452 0.11555384885344 0.217616703321912 0.252691740488478 0.12860062997989 0.154287577282445
-0.063548860781973 0.0750150991164413 0.725188410943721 1 0.0243396294071617 0.0313462718170739 0.100621672606074 0.124926808563488 0.0947149805396032 0.435813910734508 0.00073329474836645 0.217211827826689
0.222220151822916 0.194320042151291 0.0508113124335843 0.0243396294071617 1 0.318337510347225 -0.0027221203117923 -0.0348224683122422 0.307997353400609 0.124233817701264 0.216475066391389 -0.017883995639955
0.172123198212036 0.228647680330916 0.0279233904957425 0.0313462718170739 0.318337510347225 1 -0.000194189468673955 0.121202707498175 0.192285261335006 0.169457330410211 -0.0774993663568737 -0.0687152759977146
-0.0117062951137964 0.0147852782721985 0.0887483627328452 0.100621672606074 -0.0027221203117923 -0.000194189468673955 1 0.349225930066567 0.100599875979951 0.0747635231294441 0.222125171165412 -0.108695615662388
0.0814878573522528 -0.0271821496261626 0.11555384885344 0.124926808563488 -0.0348224683122422 0.121202707498175 0.349225930066567 1 -0.0763542437508275 -0.00287105775267478 -0.187224500318102 -0.193453976933467
0.43225597337645 0.443612970895374 0.217616703321912 0.0947149805396032 0.307997353400609 0.192285261335006 0.100599875979951 -0.0763542437508275 1 0.496475518180008 0.304179429643729 0.164708871882798
0.298343663706718 0.487213976414787 0.252691740488478 0.435813910734508 0.124233817701264 0.169457330410211 0.0747635231294441 -0.00287105775267478 0.496475518180008 1 -0.0373881652921288 0.314577232037109
-0.0703553009370583 -0.000739703632493439 0.12860062997989 0.00073329474836645 0.216475066391389 -0.0774993663568737 0.222125171165412 -0.187224500318102 0.304179429643729 -0.0373881652921288 1 0.369640404221999
0.149938866877366 0.379868149655982 0.154287577282445 0.217211827826689 -0.017883995639955 -0.0687152759977146 -0.108695615662388 -0.193453976933467 0.164708871882798 0.314577232037109 0.369640404221999 1
