1 0.855375078631206 0.492464325822782 0.172460905800625 0.482407242767946 0.38548281030288 0 0.314006910644618 0.47379746128324 0.166452805082952 0.514569046073043 0.398952945864321
0.855375078631206 1 0.447347105147249 0.230028136501335 0.513077786741969 0.367892513802635 0 0.230298320127812 0.493831518726202 0.30648864442988 0.455520376180764 0.383818779551679
0.492464325822782 0.447347105147249 1 0.657827689160557 0.422890649920125 0.355680159135103 0 0.282971035523652 0.580703192439072 0.29494339769371 0.633256966930816 0.534914741345072
0.172460905800625 0.230028136501335 0.657827689160557 1 0.197397104973368 0.264807785232376 0 0.125176470953348 0.181408095220092 0.43081102647832 0.260884830996166 0.452417805737037
0.482407242767946 0.513077786741969 0.422890649920125 0.197397104973368 1 0.684700805769642 0.0303546020482085 0.379570518206013 0.732949467738273 0.524893055938947 0.769818678095812 0.692467532076384
0.38548281030288 0.367892513802635 0.355680159135103 0.264807785232376 0.684700805769642 1 0 0.367364966580908 0.55007883115079 0.479603275653079 0.567066961536186 0.65711186957814
0 0 0 0 0.0303546020482085 0 1 0.0774017030985463 0 0 0 0
0.314006910644618 0.230298320127812 0.282971035523652 0.125176470953348 0.379570518206013 0.367364966580908 0.0774017030985463 1 0.388090079849677 0.27391161405971 0.462823389627774 0.467341194186814
0.47379746128324 0.493831518726202 0.580703192439072 0.181408095220092 0.732949467738273 0.55007883115079 0 0.388090079849677 1 0.530824981617441 0.821898811785716 0.625328391652935
0.166452805082952 0.30648864442988 0.29494339769371 0.43081102647832 0.524893055938947 0.479603275653079 0 0.27391161405971 0.530824981617441 1 0.455128163321312 0.708155941599558
0.514569046073043 0.455520376180764 0.633256966930816 0.260884830996166 0.769818678095812 0.567066961536186 0 0.462823389627774 0.821898811785716 0.455128163321312 1 0.787330619608062
0.398952945864321 0.383818779551679 0.534914741345072 0.452417805737037 0.692467532076384 0.65711186957814 0 0.467341194186814 0.625328391652935 0.708155941599558 0.787330619608061 1
